,CCAA Codigo ISO,Fecha,Casos ,Hospitalizados,UCI,Fallecidos,Recuperados
0,AN,2020-02-20,0.0,0.0,0.0,0.0,0.0
1,AR,2020-02-20,0.0,0.0,0.0,0.0,0.0
2,AS,2020-02-20,0.0,0.0,0.0,0.0,0.0
3,IB,2020-02-20,1.0,0.0,0.0,0.0,0.0
4,CN,2020-02-20,1.0,0.0,0.0,0.0,0.0
5,CB,2020-02-20,0.0,0.0,0.0,0.0,0.0
6,CM,2020-02-20,0.0,0.0,0.0,0.0,0.0
7,CL,2020-02-20,0.0,0.0,0.0,0.0,0.0
8,CT,2020-02-20,0.0,0.0,0.0,0.0,0.0
9,CE,2020-02-20,0.0,0.0,0.0,0.0,0.0
10,VC,2020-02-20,0.0,0.0,0.0,0.0,0.0
11,EX,2020-02-20,0.0,0.0,0.0,0.0,0.0
12,GA,2020-02-20,0.0,0.0,0.0,0.0,0.0
13,MD,2020-02-20,0.0,0.0,0.0,0.0,0.0
14,ME,2020-02-20,0.0,0.0,0.0,0.0,0.0
15,MC,2020-02-20,0.0,0.0,0.0,0.0,0.0
16,NC,2020-02-20,0.0,0.0,0.0,0.0,0.0
17,PV,2020-02-20,0.0,0.0,0.0,0.0,0.0
18,RI,2020-02-20,0.0,0.0,0.0,0.0,0.0
19,AN,2020-02-21,0.0,0.0,0.0,0.0,0.0
20,AR,2020-02-21,0.0,0.0,0.0,0.0,0.0
21,AS,2020-02-21,0.0,0.0,0.0,0.0,0.0
22,IB,2020-02-21,1.0,0.0,0.0,0.0,0.0
23,CN,2020-02-21,1.0,0.0,0.0,0.0,0.0
24,CB,2020-02-21,0.0,0.0,0.0,0.0,0.0
25,CM,2020-02-21,0.0,0.0,0.0,0.0,0.0
26,CL,2020-02-21,0.0,0.0,0.0,0.0,0.0
27,CT,2020-02-21,0.0,0.0,0.0,0.0,0.0
28,CE,2020-02-21,0.0,0.0,0.0,0.0,0.0
29,VC,2020-02-21,0.0,0.0,0.0,0.0,0.0
30,EX,2020-02-21,0.0,0.0,0.0,0.0,0.0
31,GA,2020-02-21,0.0,0.0,0.0,0.0,0.0
32,MD,2020-02-21,0.0,0.0,0.0,0.0,0.0
33,ME,2020-02-21,0.0,0.0,0.0,0.0,0.0
34,MC,2020-02-21,0.0,0.0,0.0,0.0,0.0
35,NC,2020-02-21,0.0,0.0,0.0,0.0,0.0
36,PV,2020-02-21,0.0,0.0,0.0,0.0,0.0
37,RI,2020-02-21,0.0,0.0,0.0,0.0,0.0
38,AN,2020-02-22,0.0,0.0,0.0,0.0,0.0
39,AR,2020-02-22,0.0,0.0,0.0,0.0,0.0
40,AS,2020-02-22,0.0,0.0,0.0,0.0,0.0
41,IB,2020-02-22,1.0,0.0,0.0,0.0,0.0
42,CN,2020-02-22,1.0,0.0,0.0,0.0,0.0
43,CB,2020-02-22,0.0,0.0,0.0,0.0,0.0
44,CM,2020-02-22,0.0,0.0,0.0,0.0,0.0
45,CL,2020-02-22,0.0,0.0,0.0,0.0,0.0
46,CT,2020-02-22,0.0,0.0,0.0,0.0,0.0
47,CE,2020-02-22,0.0,0.0,0.0,0.0,0.0
48,VC,2020-02-22,0.0,0.0,0.0,0.0,0.0
49,EX,2020-02-22,0.0,0.0,0.0,0.0,0.0
50,GA,2020-02-22,0.0,0.0,0.0,0.0,0.0
51,MD,2020-02-22,0.0,0.0,0.0,0.0,0.0
52,ME,2020-02-22,0.0,0.0,0.0,0.0,0.0
53,MC,2020-02-22,0.0,0.0,0.0,0.0,0.0
54,NC,2020-02-22,0.0,0.0,0.0,0.0,0.0
55,PV,2020-02-22,0.0,0.0,0.0,0.0,0.0
56,RI,2020-02-22,0.0,0.0,0.0,0.0,0.0
57,AN,2020-02-23,0.0,0.0,0.0,0.0,0.0
58,AR,2020-02-23,0.0,0.0,0.0,0.0,0.0
59,AS,2020-02-23,0.0,0.0,0.0,0.0,0.0
60,IB,2020-02-23,1.0,0.0,0.0,0.0,0.0
61,CN,2020-02-23,1.0,0.0,0.0,0.0,0.0
62,CB,2020-02-23,0.0,0.0,0.0,0.0,0.0
63,CM,2020-02-23,0.0,0.0,0.0,0.0,0.0
64,CL,2020-02-23,0.0,0.0,0.0,0.0,0.0
65,CT,2020-02-23,0.0,0.0,0.0,0.0,0.0
66,CE,2020-02-23,0.0,0.0,0.0,0.0,0.0
67,VC,2020-02-23,0.0,0.0,0.0,0.0,0.0
68,EX,2020-02-23,0.0,0.0,0.0,0.0,0.0
69,GA,2020-02-23,0.0,0.0,0.0,0.0,0.0
70,MD,2020-02-23,0.0,0.0,0.0,0.0,0.0
71,ME,2020-02-23,0.0,0.0,0.0,0.0,0.0
72,MC,2020-02-23,0.0,0.0,0.0,0.0,0.0
73,NC,2020-02-23,0.0,0.0,0.0,0.0,0.0
74,PV,2020-02-23,0.0,0.0,0.0,0.0,0.0
75,RI,2020-02-23,0.0,0.0,0.0,0.0,0.0
76,AN,2020-02-24,0.0,0.0,0.0,0.0,0.0
77,AR,2020-02-24,0.0,0.0,0.0,0.0,0.0
78,AS,2020-02-24,0.0,0.0,0.0,0.0,0.0
79,IB,2020-02-24,1.0,0.0,0.0,0.0,0.0
80,CN,2020-02-24,2.0,0.0,0.0,0.0,0.0
81,CB,2020-02-24,0.0,0.0,0.0,0.0,0.0
82,CM,2020-02-24,0.0,0.0,0.0,0.0,0.0
83,CL,2020-02-24,0.0,0.0,0.0,0.0,0.0
84,CT,2020-02-24,0.0,0.0,0.0,0.0,0.0
85,CE,2020-02-24,0.0,0.0,0.0,0.0,0.0
86,VC,2020-02-24,0.0,0.0,0.0,0.0,0.0
87,EX,2020-02-24,0.0,0.0,0.0,0.0,0.0
88,GA,2020-02-24,0.0,0.0,0.0,0.0,0.0
89,MD,2020-02-24,0.0,0.0,0.0,0.0,0.0
90,ME,2020-02-24,0.0,0.0,0.0,0.0,0.0
91,MC,2020-02-24,0.0,0.0,0.0,0.0,0.0
92,NC,2020-02-24,0.0,0.0,0.0,0.0,0.0
93,PV,2020-02-24,0.0,0.0,0.0,0.0,0.0
94,RI,2020-02-24,0.0,0.0,0.0,0.0,0.0
95,AN,2020-02-25,0.0,0.0,0.0,0.0,0.0
96,AR,2020-02-25,0.0,0.0,0.0,0.0,0.0
97,AS,2020-02-25,0.0,0.0,0.0,0.0,0.0
98,IB,2020-02-25,1.0,0.0,0.0,0.0,0.0
99,CN,2020-02-25,5.0,0.0,0.0,0.0,0.0
100,CB,2020-02-25,0.0,0.0,0.0,0.0,0.0
101,CM,2020-02-25,0.0,0.0,0.0,0.0,0.0
102,CL,2020-02-25,0.0,0.0,0.0,0.0,0.0
103,CT,2020-02-25,1.0,0.0,0.0,0.0,0.0
104,CE,2020-02-25,0.0,0.0,0.0,0.0,0.0
105,VC,2020-02-25,1.0,0.0,0.0,0.0,0.0
106,EX,2020-02-25,0.0,0.0,0.0,0.0,0.0
107,GA,2020-02-25,0.0,0.0,0.0,0.0,0.0
108,MD,2020-02-25,2.0,0.0,0.0,0.0,0.0
109,ME,2020-02-25,0.0,0.0,0.0,0.0,0.0
110,MC,2020-02-25,0.0,0.0,0.0,0.0,0.0
111,NC,2020-02-25,0.0,0.0,0.0,0.0,0.0
112,PV,2020-02-25,0.0,0.0,0.0,0.0,0.0
113,RI,2020-02-25,0.0,0.0,0.0,0.0,0.0
114,AN,2020-02-26,1.0,0.0,0.0,0.0,0.0
115,AR,2020-02-26,0.0,0.0,0.0,0.0,0.0
116,AS,2020-02-26,0.0,0.0,0.0,0.0,0.0
117,IB,2020-02-26,1.0,0.0,0.0,0.0,0.0
118,CN,2020-02-26,6.0,0.0,0.0,0.0,0.0
119,CB,2020-02-26,0.0,0.0,0.0,0.0,0.0
120,CM,2020-02-26,0.0,0.0,0.0,0.0,0.0
121,CL,2020-02-26,0.0,0.0,0.0,0.0,0.0
122,CT,2020-02-26,2.0,0.0,0.0,0.0,0.0
123,CE,2020-02-26,0.0,0.0,0.0,0.0,0.0
124,VC,2020-02-26,2.0,0.0,0.0,0.0,0.0
125,EX,2020-02-26,0.0,0.0,0.0,0.0,0.0
126,GA,2020-02-26,0.0,0.0,0.0,0.0,0.0
127,MD,2020-02-26,4.0,0.0,0.0,0.0,0.0
128,ME,2020-02-26,0.0,0.0,0.0,0.0,0.0
129,MC,2020-02-26,0.0,0.0,0.0,0.0,0.0
130,NC,2020-02-26,0.0,0.0,0.0,0.0,0.0
131,PV,2020-02-26,0.0,0.0,0.0,0.0,0.0
132,RI,2020-02-26,0.0,0.0,0.0,0.0,0.0
133,AN,2020-02-27,6.0,0.0,0.0,0.0,0.0
134,AR,2020-02-27,0.0,0.0,0.0,0.0,0.0
135,AS,2020-02-27,0.0,0.0,0.0,0.0,0.0
136,IB,2020-02-27,1.0,0.0,0.0,0.0,0.0
137,CN,2020-02-27,6.0,0.0,0.0,0.0,0.0
138,CB,2020-02-27,0.0,0.0,0.0,0.0,0.0
139,CM,2020-02-27,0.0,0.0,0.0,0.0,0.0
140,CL,2020-02-27,0.0,0.0,0.0,0.0,0.0
141,CT,2020-02-27,3.0,0.0,0.0,0.0,0.0
142,CE,2020-02-27,0.0,0.0,0.0,0.0,0.0
143,VC,2020-02-27,8.0,0.0,0.0,0.0,0.0
144,EX,2020-02-27,0.0,0.0,0.0,0.0,0.0
145,GA,2020-02-27,0.0,0.0,0.0,0.0,0.0
146,MD,2020-02-27,5.0,0.0,0.0,0.0,0.0
147,ME,2020-02-27,0.0,0.0,0.0,0.0,0.0
148,MC,2020-02-27,0.0,0.0,0.0,0.0,0.0
149,NC,2020-02-27,0.0,0.0,0.0,0.0,0.0
150,PV,2020-02-27,0.0,0.0,0.0,0.0,0.0
151,RI,2020-02-27,0.0,0.0,0.0,0.0,0.0
152,AN,2020-02-28,8.0,0.0,0.0,0.0,0.0
153,AR,2020-02-28,0.0,0.0,0.0,0.0,0.0
154,AS,2020-02-28,0.0,0.0,0.0,0.0,0.0
155,IB,2020-02-28,2.0,0.0,0.0,0.0,0.0
156,CN,2020-02-28,6.0,0.0,0.0,0.0,0.0
157,CB,2020-02-28,0.0,0.0,0.0,0.0,0.0
158,CM,2020-02-28,0.0,0.0,0.0,0.0,0.0
159,CL,2020-02-28,2.0,0.0,0.0,0.0,0.0
160,CT,2020-02-28,5.0,0.0,0.0,0.0,0.0
161,CE,2020-02-28,0.0,0.0,0.0,0.0,0.0
162,VC,2020-02-28,10.0,0.0,0.0,0.0,0.0
163,EX,2020-02-28,0.0,0.0,0.0,0.0,0.0
164,GA,2020-02-28,0.0,0.0,0.0,0.0,0.0
165,MD,2020-02-28,8.0,0.0,0.0,0.0,0.0
166,ME,2020-02-28,0.0,0.0,0.0,0.0,0.0
167,MC,2020-02-28,0.0,0.0,0.0,0.0,0.0
168,NC,2020-02-28,0.0,0.0,0.0,0.0,0.0
169,PV,2020-02-28,2.0,0.0,0.0,0.0,0.0
170,RI,2020-02-28,0.0,0.0,0.0,0.0,0.0
171,AN,2020-02-29,12.0,0.0,0.0,0.0,0.0
172,AR,2020-02-29,0.0,0.0,0.0,0.0,0.0
173,AS,2020-02-29,1.0,0.0,0.0,0.0,0.0
174,IB,2020-02-29,2.0,0.0,0.0,0.0,0.0
175,CN,2020-02-29,7.0,0.0,0.0,0.0,0.0
176,CB,2020-02-29,1.0,0.0,0.0,0.0,0.0
177,CM,2020-02-29,1.0,0.0,0.0,0.0,0.0
178,CL,2020-02-29,2.0,0.0,0.0,0.0,0.0
179,CT,2020-02-29,6.0,0.0,0.0,0.0,0.0
180,CE,2020-02-29,0.0,0.0,0.0,0.0,0.0
181,VC,2020-02-29,15.0,0.0,0.0,0.0,0.0
182,EX,2020-02-29,4.0,0.0,0.0,0.0,0.0
183,GA,2020-02-29,0.0,0.0,0.0,0.0,0.0
184,MD,2020-02-29,10.0,0.0,0.0,0.0,0.0
185,ME,2020-02-29,0.0,0.0,0.0,0.0,0.0
186,MC,2020-02-29,0.0,0.0,0.0,0.0,0.0
187,NC,2020-02-29,1.0,0.0,0.0,0.0,0.0
188,PV,2020-02-29,3.0,0.0,0.0,0.0,0.0
189,RI,2020-02-29,0.0,0.0,0.0,0.0,0.0
190,AN,2020-03-01,12.0,0.0,0.0,0.0,0.0
191,AR,2020-03-01,0.0,0.0,0.0,0.0,0.0
192,AS,2020-03-01,1.0,0.0,0.0,0.0,0.0
193,IB,2020-03-01,2.0,0.0,0.0,0.0,0.0
194,CN,2020-03-01,7.0,0.0,0.0,0.0,0.0
195,CB,2020-03-01,10.0,0.0,0.0,0.0,0.0
196,CM,2020-03-01,3.0,0.0,0.0,0.0,0.0
197,CL,2020-03-01,2.0,0.0,0.0,0.0,0.0
198,CT,2020-03-01,15.0,0.0,0.0,0.0,0.0
199,CE,2020-03-01,0.0,0.0,0.0,0.0,0.0
200,VC,2020-03-01,15.0,0.0,0.0,0.0,0.0
201,EX,2020-03-01,6.0,0.0,0.0,0.0,0.0
202,GA,2020-03-01,0.0,0.0,0.0,0.0,0.0
203,MD,2020-03-01,29.0,0.0,0.0,0.0,0.0
204,ME,2020-03-01,0.0,0.0,0.0,0.0,0.0
205,MC,2020-03-01,0.0,0.0,0.0,0.0,0.0
206,NC,2020-03-01,1.0,0.0,0.0,0.0,0.0
207,PV,2020-03-01,9.0,0.0,0.0,0.0,0.0
208,RI,2020-03-01,1.0,0.0,0.0,0.0,0.0
209,AN,2020-03-02,12.0,0.0,0.0,0.0,0.0
210,AR,2020-03-02,0.0,0.0,0.0,0.0,0.0
211,AS,2020-03-02,1.0,0.0,0.0,0.0,0.0
212,IB,2020-03-02,2.0,0.0,0.0,0.0,0.0
213,CN,2020-03-02,7.0,0.0,0.0,0.0,0.0
214,CB,2020-03-02,10.0,0.0,0.0,0.0,0.0
215,CM,2020-03-02,7.0,0.0,0.0,0.0,0.0
216,CL,2020-03-02,7.0,0.0,0.0,0.0,0.0
217,CT,2020-03-02,15.0,0.0,0.0,0.0,0.0
218,CE,2020-03-02,0.0,0.0,0.0,0.0,0.0
219,VC,2020-03-02,15.0,0.0,0.0,0.0,0.0
220,EX,2020-03-02,6.0,0.0,0.0,0.0,0.0
221,GA,2020-03-02,0.0,0.0,0.0,0.0,0.0
222,MD,2020-03-02,49.0,0.0,0.0,0.0,0.0
223,ME,2020-03-02,0.0,0.0,0.0,0.0,0.0
224,MC,2020-03-02,0.0,0.0,0.0,0.0,0.0
225,NC,2020-03-02,1.0,0.0,0.0,0.0,0.0
226,PV,2020-03-02,13.0,0.0,0.0,0.0,0.0
227,RI,2020-03-02,3.0,0.0,0.0,0.0,0.0
228,AN,2020-03-03,12.0,0.0,0.0,0.0,0.0
229,AR,2020-03-03,0.0,0.0,0.0,0.0,0.0
230,AS,2020-03-03,2.0,0.0,0.0,0.0,0.0
231,IB,2020-03-03,5.0,0.0,0.0,0.0,0.0
232,CN,2020-03-03,7.0,0.0,0.0,0.0,0.0
233,CB,2020-03-03,10.0,0.0,0.0,0.0,0.0
234,CM,2020-03-03,12.0,0.0,0.0,0.0,0.0
235,CL,2020-03-03,8.0,0.0,0.0,0.0,0.0
236,CT,2020-03-03,15.0,0.0,0.0,0.0,0.0
237,CE,2020-03-03,0.0,0.0,0.0,0.0,0.0
238,VC,2020-03-03,19.0,0.0,0.0,0.0,0.0
239,EX,2020-03-03,6.0,0.0,0.0,0.0,0.0
240,GA,2020-03-03,1.0,0.0,0.0,0.0,0.0
241,MD,2020-03-03,70.0,0.0,0.0,0.0,0.0
242,ME,2020-03-03,0.0,0.0,0.0,0.0,0.0
243,MC,2020-03-03,0.0,0.0,0.0,0.0,0.0
244,NC,2020-03-03,3.0,0.0,0.0,0.0,0.0
245,PV,2020-03-03,17.0,0.0,0.0,0.0,0.0
246,RI,2020-03-03,7.0,0.0,0.0,0.0,0.0
247,AN,2020-03-04,12.0,0.0,0.0,0.0,0.0
248,AR,2020-03-04,1.0,0.0,0.0,0.0,0.0
249,AS,2020-03-04,5.0,0.0,0.0,0.0,0.0
250,IB,2020-03-04,6.0,0.0,0.0,0.0,0.0
251,CN,2020-03-04,8.0,0.0,0.0,0.0,0.0
252,CB,2020-03-04,10.0,0.0,0.0,0.0,0.0
253,CM,2020-03-04,13.0,0.0,0.0,0.0,0.0
254,CL,2020-03-04,12.0,0.0,0.0,0.0,0.0
255,CT,2020-03-04,24.0,0.0,0.0,0.0,0.0
256,CE,2020-03-04,0.0,0.0,0.0,0.0,0.0
257,VC,2020-03-04,19.0,0.0,0.0,0.0,0.0
258,EX,2020-03-04,6.0,0.0,0.0,0.0,0.0
259,GA,2020-03-04,1.0,0.0,0.0,0.0,0.0
260,MD,2020-03-04,90.0,0.0,0.0,0.0,0.0
261,ME,2020-03-04,0.0,0.0,0.0,0.0,0.0
262,MC,2020-03-04,0.0,0.0,0.0,0.0,0.0
263,NC,2020-03-04,3.0,0.0,0.0,0.0,0.0
264,PV,2020-03-04,17.0,0.0,0.0,0.0,0.0
265,RI,2020-03-04,11.0,0.0,0.0,0.0,0.0
266,AN,2020-03-05,21.0,0.0,0.0,0.0,0.0
267,AR,2020-03-05,6.0,0.0,0.0,0.0,0.0
268,AS,2020-03-05,5.0,0.0,0.0,0.0,0.0
269,IB,2020-03-05,6.0,0.0,0.0,0.0,0.0
270,CN,2020-03-05,11.0,0.0,0.0,0.0,0.0
271,CB,2020-03-05,10.0,0.0,0.0,0.0,0.0
272,CM,2020-03-05,15.0,0.0,0.0,0.0,0.0
273,CL,2020-03-05,13.0,0.0,0.0,0.0,0.0
274,CT,2020-03-05,24.0,0.0,0.0,0.0,0.0
275,CE,2020-03-05,0.0,0.0,0.0,0.0,0.0
276,VC,2020-03-05,30.0,0.0,0.0,0.0,0.0
277,EX,2020-03-05,6.0,0.0,0.0,0.0,0.0
278,GA,2020-03-05,3.0,0.0,0.0,0.0,0.0
279,MD,2020-03-05,137.0,0.0,0.0,0.0,0.0
280,ME,2020-03-05,0.0,0.0,0.0,0.0,0.0
281,MC,2020-03-05,0.0,0.0,0.0,0.0,0.0
282,NC,2020-03-05,3.0,0.0,0.0,0.0,0.0
283,PV,2020-03-05,45.0,0.0,0.0,0.0,0.0
284,RI,2020-03-05,29.0,0.0,0.0,0.0,0.0
285,AN,2020-03-06,27.0,0.0,0.0,0.0,0.0
286,AR,2020-03-06,11.0,0.0,0.0,0.0,0.0
287,AS,2020-03-06,5.0,0.0,0.0,0.0,0.0
288,IB,2020-03-06,6.0,0.0,0.0,0.0,0.0
289,CN,2020-03-06,11.0,0.0,0.0,0.0,0.0
290,CB,2020-03-06,10.0,0.0,0.0,0.0,0.0
291,CM,2020-03-06,15.0,0.0,0.0,0.0,0.0
292,CL,2020-03-06,14.0,0.0,0.0,0.0,0.0
293,CT,2020-03-06,24.0,0.0,0.0,0.0,0.0
294,CE,2020-03-06,0.0,0.0,0.0,0.0,0.0
295,VC,2020-03-06,30.0,0.0,0.0,0.0,0.0
296,EX,2020-03-06,6.0,0.0,0.0,0.0,0.0
297,GA,2020-03-06,3.0,0.0,0.0,0.0,0.0
298,MD,2020-03-06,137.0,0.0,0.0,0.0,0.0
299,ME,2020-03-06,0.0,0.0,0.0,0.0,0.0
300,MC,2020-03-06,0.0,0.0,0.0,0.0,0.0
301,NC,2020-03-06,3.0,0.0,0.0,0.0,0.0
302,PV,2020-03-06,45.0,0.0,0.0,0.0,0.0
303,RI,2020-03-06,39.0,0.0,0.0,0.0,0.0
304,AN,2020-03-07,34.0,0.0,0.0,0.0,0.0
305,AR,2020-03-07,11.0,0.0,0.0,0.0,0.0
306,AS,2020-03-07,7.0,0.0,0.0,0.0,0.0
307,IB,2020-03-07,8.0,0.0,0.0,0.0,0.0
308,CN,2020-03-07,17.0,0.0,0.0,0.0,0.0
309,CB,2020-03-07,12.0,0.0,0.0,0.0,0.0
310,CM,2020-03-07,15.0,0.0,0.0,0.0,0.0
311,CL,2020-03-07,21.0,0.0,0.0,0.0,0.0
312,CT,2020-03-07,49.0,0.0,0.0,0.0,0.0
313,CE,2020-03-07,0.0,0.0,0.0,0.0,0.0
314,VC,2020-03-07,37.0,0.0,0.0,0.0,0.0
315,EX,2020-03-07,6.0,0.0,0.0,0.0,0.0
316,GA,2020-03-07,5.0,0.0,0.0,0.0,0.0
317,MD,2020-03-07,175.0,0.0,0.0,0.0,0.0
318,ME,2020-03-07,0.0,0.0,0.0,0.0,0.0
319,MC,2020-03-07,1.0,0.0,0.0,0.0,0.0
320,NC,2020-03-07,3.0,0.0,0.0,0.0,0.0
321,PV,2020-03-07,70.0,0.0,0.0,0.0,0.0
322,RI,2020-03-07,55.0,0.0,0.0,0.0,0.0
323,AN,2020-03-08,54.0,0.0,1.0,0.0,11.0
324,AR,2020-03-08,13.0,0.0,3.0,3.0,0.0
325,AS,2020-03-08,7.0,0.0,2.0,0.0,0.0
326,IB,2020-03-08,11.0,0.0,1.0,0.0,2.0
327,CN,2020-03-08,22.0,0.0,0.0,0.0,4.0
328,CB,2020-03-08,12.0,0.0,0.0,0.0,0.0
329,CM,2020-03-08,26.0,0.0,2.0,0.0,2.0
330,CL,2020-03-08,30.0,0.0,2.0,0.0,0.0
331,CT,2020-03-08,75.0,0.0,0.0,2.0,0.0
332,CE,2020-03-08,0.0,0.0,0.0,0.0,0.0
333,VC,2020-03-08,37.0,0.0,1.0,1.0,1.0
334,EX,2020-03-08,7.0,0.0,0.0,0.0,1.0
335,GA,2020-03-08,6.0,0.0,2.0,0.0,0.0
336,MD,2020-03-08,469.0,0.0,53.0,16.0,0.0
337,ME,2020-03-08,0.0,0.0,0.0,0.0,0.0
338,MC,2020-03-08,4.0,0.0,0.0,0.0,0.0
339,NC,2020-03-08,3.0,0.0,1.0,0.0,0.0
340,PV,2020-03-08,149.0,0.0,5.0,6.0,2.0
341,RI,2020-03-08,81.0,0.0,1.0,0.0,0.0
342,AN,2020-03-09,71.0,0.0,1.0,0.0,11.0
343,AR,2020-03-09,38.0,0.0,3.0,4.0,0.0
344,AS,2020-03-09,22.0,0.0,2.0,0.0,1.0
345,IB,2020-03-09,13.0,0.0,1.0,0.0,3.0
346,CN,2020-03-09,25.0,0.0,1.0,0.0,5.0
347,CB,2020-03-09,12.0,0.0,0.0,0.0,0.0
348,CM,2020-03-09,39.0,0.0,3.0,0.0,2.0
349,CL,2020-03-09,40.0,0.0,2.0,0.0,0.0
350,CT,2020-03-09,124.0,0.0,0.0,3.0,0.0
351,CE,2020-03-09,0.0,0.0,0.0,0.0,0.0
352,VC,2020-03-09,50.0,0.0,1.0,1.0,1.0
353,EX,2020-03-09,8.0,0.0,0.0,0.0,1.0
354,GA,2020-03-09,22.0,0.0,2.0,0.0,0.0
355,MD,2020-03-09,782.0,0.0,77.0,21.0,109.0
356,ME,2020-03-09,0.0,0.0,0.0,0.0,0.0
357,MC,2020-03-09,9.0,0.0,0.0,0.0,0.0
358,NC,2020-03-09,12.0,0.0,2.0,0.0,0.0
359,PV,2020-03-09,195.0,0.0,5.0,6.0,2.0
360,RI,2020-03-09,144.0,0.0,1.0,1.0,0.0
361,AN,2020-03-10,90.0,32.0,3.0,0.0,11.0
362,AR,2020-03-10,45.0,22.0,3.0,4.0,0.0
363,AS,2020-03-10,32.0,12.0,2.0,0.0,1.0
364,IB,2020-03-10,16.0,8.0,1.0,0.0,1.0
365,CN,2020-03-10,37.0,10.0,1.0,0.0,5.0
366,CB,2020-03-10,12.0,0.0,0.0,0.0,0.0
367,CM,2020-03-10,71.0,0.0,5.0,0.0,2.0
368,CL,2020-03-10,64.0,14.0,2.0,0.0,0.0
369,CT,2020-03-10,156.0,0.0,0.0,3.0,0.0
370,CE,2020-03-10,0.0,0.0,0.0,0.0,0.0
371,VC,2020-03-10,65.0,0.0,1.0,1.0,1.0
372,EX,2020-03-10,9.0,2.0,1.0,1.0,1.0
373,GA,2020-03-10,35.0,7.0,2.0,0.0,0.0
374,MD,2020-03-10,1024.0,0.0,102.0,31.0,157.0
375,ME,2020-03-10,0.0,0.0,0.0,0.0,0.0
376,MC,2020-03-10,11.0,4.0,0.0,0.0,0.0
377,NC,2020-03-10,46.0,10.0,3.0,0.0,0.0
378,PV,2020-03-10,225.0,102.0,15.0,6.0,2.0
379,RI,2020-03-10,179.0,13.0,1.0,2.0,1.0
380,AN,2020-03-11,115.0,50.0,4.0,0.0,11.0
381,AR,2020-03-11,64.0,28.0,3.0,6.0,0.0
382,AS,2020-03-11,47.0,12.0,2.0,1.0,1.0
383,IB,2020-03-11,22.0,8.0,2.0,1.0,1.0
384,CN,2020-03-11,51.0,15.0,3.0,0.0,5.0
385,CB,2020-03-11,16.0,3.0,0.0,0.0,6.0
386,CM,2020-03-11,115.0,39.0,9.0,1.0,2.0
387,CL,2020-03-11,71.0,24.0,2.0,0.0,0.0
388,CT,2020-03-11,260.0,0.0,0.0,4.0,0.0
389,CE,2020-03-11,0.0,0.0,0.0,0.0,0.0
390,VC,2020-03-11,76.0,22.0,2.0,1.0,1.0
391,EX,2020-03-11,19.0,2.0,1.0,1.0,3.0
392,GA,2020-03-11,35.0,7.0,2.0,0.0,0.0
393,MD,2020-03-11,1388.0,0.0,135.0,56.0,157.0
394,ME,2020-03-11,0.0,0.0,0.0,0.0,0.0
395,MC,2020-03-11,26.0,5.0,1.0,0.0,0.0
396,NC,2020-03-11,73.0,17.0,3.0,0.0,0.0
397,PV,2020-03-11,346.0,146.0,18.0,11.0,1.0
398,RI,2020-03-11,205.0,21.0,1.0,2.0,1.0
399,AN,2020-03-12,219.0,92.0,8.0,0.0,0.0
400,AR,2020-03-12,80.0,30.0,3.0,7.0,0.0
401,AS,2020-03-12,67.0,16.0,2.0,1.0,1.0
402,IB,2020-03-12,28.0,9.0,2.0,1.0,1.0
403,CN,2020-03-12,70.0,15.0,3.0,0.0,5.0
404,CB,2020-03-12,29.0,3.0,0.0,0.0,7.0
405,CM,2020-03-12,194.0,78.0,10.0,5.0,1.0
406,CL,2020-03-12,92.0,25.0,4.0,0.0,1.0
407,CT,2020-03-12,316.0,0.0,25.0,6.0,0.0
408,CE,2020-03-12,0.0,0.0,0.0,0.0,0.0
409,VC,2020-03-12,94.0,23.0,2.0,1.0,2.0
410,EX,2020-03-12,39.0,3.0,1.0,1.0,3.0
411,GA,2020-03-12,85.0,15.0,2.0,0.0,0.0
412,MD,2020-03-12,1990.0,1304.0,180.0,81.0,157.0
413,ME,2020-03-12,2.0,3.0,0.0,0.0,0.0
414,MC,2020-03-12,35.0,8.0,2.0,0.0,0.0
415,NC,2020-03-12,130.0,28.0,4.0,0.0,0.0
416,PV,2020-03-12,417.0,179.0,20.0,14.0,2.0
417,RI,2020-03-12,243.0,27.0,2.0,3.0,1.0
418,AN,2020-03-13,269.0,92.0,8.0,2.0,0.0
419,AR,2020-03-13,121.0,42.0,5.0,7.0,0.0
420,AS,2020-03-13,92.0,16.0,2.0,1.0,1.0
421,IB,2020-03-13,28.0,9.0,2.0,1.0,1.0
422,CN,2020-03-13,90.0,15.0,6.0,1.0,7.0
423,CB,2020-03-13,31.0,3.0,0.0,0.0,7.0
424,CM,2020-03-13,289.0,78.0,10.0,6.0,5.0
425,CL,2020-03-13,169.0,25.0,8.0,1.0,2.0
426,CT,2020-03-13,509.0,0.0,33.0,6.0,0.0
427,CE,2020-03-13,0.0,0.0,0.0,0.0,0.0
428,VC,2020-03-13,130.0,31.0,4.0,4.0,2.0
429,EX,2020-03-13,66.0,3.0,1.0,2.0,4.0
430,GA,2020-03-13,115.0,32.0,7.0,0.0,3.0
431,MD,2020-03-13,2940.0,1518.0,180.0,86.0,474.0
432,ME,2020-03-13,3.0,3.0,0.0,0.0,0.0
433,MC,2020-03-13,47.0,8.0,2.0,0.0,0.0
434,NC,2020-03-13,146.0,28.0,4.0,0.0,0.0
435,PV,2020-03-13,521.0,179.0,22.0,14.0,5.0
436,RI,2020-03-13,278.0,38.0,2.0,3.0,1.0
437,AN,2020-03-14,437.0,92.0,8.0,6.0,0.0
438,AR,2020-03-14,147.0,59.0,5.0,7.0,0.0
439,AS,2020-03-14,137.0,16.0,3.0,1.0,1.0
440,IB,2020-03-14,42.0,9.0,2.0,1.0,1.0
441,CN,2020-03-14,109.0,15.0,6.0,1.0,7.0
442,CB,2020-03-14,51.0,3.0,0.0,0.0,10.0
443,CM,2020-03-14,401.0,78.0,10.0,10.0,5.0
444,CL,2020-03-14,223.0,45.0,8.0,3.0,3.0
445,CT,2020-03-14,715.0,0.0,33.0,8.0,0.0
446,CE,2020-03-14,1.0,0.0,0.0,0.0,0.0
447,VC,2020-03-14,409.0,31.0,4.0,5.0,2.0
448,EX,2020-03-14,95.0,8.0,1.0,2.0,4.0
449,GA,2020-03-14,195.0,32.0,8.0,2.0,4.0
450,MD,2020-03-14,3544.0,2337.0,253.0,213.0,474.0
451,ME,2020-03-14,8.0,4.0,0.0,0.0,0.0
452,MC,2020-03-14,71.0,13.0,2.0,0.0,0.0
453,NC,2020-03-14,183.0,34.0,4.0,0.0,0.0
454,PV,2020-03-14,630.0,262.0,29.0,23.0,5.0
455,RI,2020-03-14,300.0,58.0,7.0,3.0,1.0
456,AN,2020-03-15,554.0,197.0,11.0,7.0,0.0
457,AR,2020-03-15,174.0,64.0,7.0,11.0,0.0
458,AS,2020-03-15,177.0,16.0,3.0,1.0,3.0
459,IB,2020-03-15,73.0,21.0,4.0,1.0,1.0
460,CN,2020-03-15,119.0,40.0,9.0,1.0,7.0
461,CB,2020-03-15,58.0,18.0,2.0,0.0,10.0
462,CM,2020-03-15,567.0,207.0,23.0,17.0,12.0
463,CL,2020-03-15,292.0,45.0,8.0,6.0,5.0
464,CT,2020-03-15,903.0,0.0,33.0,12.0,0.0
465,CE,2020-03-15,1.0,0.0,0.0,0.0,0.0
466,VC,2020-03-15,409.0,31.0,4.0,5.0,2.0
467,EX,2020-03-15,111.0,9.0,1.0,2.0,4.0
468,GA,2020-03-15,245.0,49.0,9.0,2.0,4.0
469,MD,2020-03-15,4165.0,2337.0,253.0,213.0,474.0
470,ME,2020-03-15,8.0,4.0,0.0,0.0,0.0
471,MC,2020-03-15,77.0,13.0,2.0,0.0,1.0
472,NC,2020-03-15,274.0,58.0,5.0,1.0,0.0
473,PV,2020-03-15,630.0,262.0,29.0,23.0,5.0
474,RI,2020-03-15,312.0,64.0,13.0,4.0,2.0
475,AN,2020-03-16,683.0,229.0,13.0,11.0,0.0
476,AR,2020-03-16,207.0,74.0,9.0,12.0,0.0
477,AS,2020-03-16,193.0,34.0,5.0,1.0,3.0
478,IB,2020-03-16,92.0,26.0,4.0,1.0,1.0
479,CN,2020-03-16,148.0,56.0,13.0,2.0,8.0
480,CB,2020-03-16,58.0,18.0,2.0,0.0,10.0
481,CM,2020-03-16,567.0,207.0,23.0,17.0,12.0
482,CL,2020-03-16,431.0,95.0,24.0,12.0,5.0
483,CT,2020-03-16,1394.0,0.0,33.0,18.0,0.0
484,CE,2020-03-16,1.0,0.0,0.0,0.0,0.0
485,VC,2020-03-16,541.0,135.0,27.0,13.0,12.0
486,EX,2020-03-16,153.0,18.0,2.0,3.0,5.0
487,GA,2020-03-16,292.0,49.0,9.0,3.0,7.0
488,MD,2020-03-16,4871.0,3710.0,340.0,355.0,951.0
489,ME,2020-03-16,17.0,4.0,0.0,0.0,0.0
490,MC,2020-03-16,97.0,18.0,3.0,0.0,1.0
491,NC,2020-03-16,313.0,72.0,10.0,2.0,0.0
492,PV,2020-03-16,765.0,309.0,33.0,36.0,11.0
493,RI,2020-03-16,355.0,82.0,13.0,5.0,2.0
494,AN,2020-03-17,859.0,319.0,21.0,19.0,38.0
495,AR,2020-03-17,226.0,81.0,9.0,13.0,0.0
496,AS,2020-03-17,242.0,45.0,5.0,1.0,4.0
497,IB,2020-03-17,112.0,29.0,4.0,1.0,4.0
498,CN,2020-03-17,181.0,73.0,17.0,3.0,8.0
499,CB,2020-03-17,68.0,25.0,3.0,1.0,10.0
500,CM,2020-03-17,675.0,277.0,29.0,28.0,15.0
501,CL,2020-03-17,668.0,219.0,43.0,22.0,5.0
502,CT,2020-03-17,1866.0,0.0,33.0,41.0,0.0
503,CE,2020-03-17,1.0,0.0,0.0,0.0,0.0
504,VC,2020-03-17,726.0,252.0,40.0,22.0,16.0
505,EX,2020-03-17,194.0,27.0,3.0,6.0,6.0
506,GA,2020-03-17,341.0,63.0,12.0,3.0,7.0
507,MD,2020-03-17,5637.0,3778.0,491.0,390.0,951.0
508,ME,2020-03-17,20.0,4.0,0.0,0.0,0.0
509,MC,2020-03-17,122.0,22.0,4.0,0.0,1.0
510,NC,2020-03-17,386.0,93.0,10.0,3.0,0.0
511,PV,2020-03-17,973.0,353.0,37.0,40.0,14.0
512,RI,2020-03-17,419.0,99.0,13.0,5.0,2.0
513,AN,2020-03-18,1008.0,384.0,25.0,23.0,33.0
514,AR,2020-03-18,281.0,101.0,14.0,15.0,0.0
515,AS,2020-03-18,292.0,61.0,6.0,1.0,4.0
516,IB,2020-03-18,169.0,31.0,7.0,2.0,6.0
517,CN,2020-03-18,220.0,82.0,23.0,3.0,9.0
518,CB,2020-03-18,83.0,40.0,4.0,1.0,10.0
519,CM,2020-03-18,801.0,313.0,37.0,42.0,27.0
520,CL,2020-03-18,868.0,281.0,54.0,29.0,27.0
521,CT,2020-03-18,2702.0,0.0,33.0,55.0,0.0
522,CE,2020-03-18,1.0,0.0,0.0,0.0,0.0
523,VC,2020-03-18,921.0,274.0,52.0,24.0,19.0
524,EX,2020-03-18,241.0,36.0,3.0,8.0,6.0
525,GA,2020-03-18,453.0,100.0,15.0,4.0,4.0
526,MD,2020-03-18,6777.0,5168.0,590.0,498.0,941.0
527,ME,2020-03-18,23.0,4.0,0.0,0.0,0.0
528,MC,2020-03-18,167.0,36.0,6.0,0.0,1.0
529,NC,2020-03-18,482.0,132.0,11.0,4.0,0.0
530,PV,2020-03-18,1190.0,455.0,44.0,53.0,18.0
531,RI,2020-03-18,468.0,121.0,15.0,5.0,2.0
532,AN,2020-03-19,1287.0,501.0,38.0,30.0,36.0
533,AR,2020-03-19,360.0,127.0,28.0,17.0,0.0
534,AS,2020-03-19,344.0,87.0,7.0,2.0,12.0
535,IB,2020-03-19,203.0,48.0,10.0,2.0,10.0
536,CN,2020-03-19,287.0,115.0,25.0,4.0,9.0
537,CB,2020-03-19,144.0,61.0,7.0,1.0,10.0
538,CM,2020-03-19,1044.0,313.0,37.0,42.0,27.0
539,CL,2020-03-19,1147.0,370.0,69.0,43.0,37.0
540,CT,2020-03-19,3270.0,1002.0,33.0,82.0,150.0
541,CE,2020-03-19,5.0,0.0,0.0,0.0,0.0
542,VC,2020-03-19,1105.0,378.0,71.0,33.0,20.0
543,EX,2020-03-19,297.0,44.0,4.0,10.0,7.0
544,GA,2020-03-19,578.0,138.0,19.0,5.0,5.0
545,MD,2020-03-19,7165.0,6338.0,678.0,628.0,1186.0
546,ME,2020-03-19,24.0,5.0,1.0,0.0,0.0
547,MC,2020-03-19,204.0,47.0,11.0,0.0,1.0
548,NC,2020-03-19,554.0,172.0,19.0,5.0,1.0
549,PV,2020-03-19,1465.0,550.0,53.0,71.0,21.0
550,RI,2020-03-19,497.0,122.0,15.0,7.0,13.0
551,AN,2020-03-20,1515.0,605.0,53.0,40.0,36.0
552,AR,2020-03-20,424.0,192.0,33.0,22.0,0.0
553,AS,2020-03-20,486.0,133.0,12.0,5.0,16.0
554,IB,2020-03-20,246.0,60.0,14.0,4.0,11.0
555,CN,2020-03-20,348.0,139.0,29.0,7.0,7.0
556,CB,2020-03-20,215.0,92.0,9.0,2.0,11.0
557,CM,2020-03-20,1423.0,635.0,65.0,84.0,38.0
558,CL,2020-03-20,1466.0,575.0,85.0,55.0,54.0
559,CT,2020-03-20,4203.0,1681.0,298.0,122.0,150.0
560,CE,2020-03-20,5.0,0.0,0.0,0.0,0.0
561,VC,2020-03-20,1363.0,476.0,84.0,50.0,25.0
562,EX,2020-03-20,354.0,65.0,6.0,12.0,8.0
563,GA,2020-03-20,739.0,168.0,29.0,9.0,6.0
564,MD,2020-03-20,8921.0,7388.0,767.0,804.0,1542.0
565,ME,2020-03-20,25.0,8.0,1.0,0.0,0.0
566,MC,2020-03-20,240.0,61.0,14.0,1.0,1.0
567,NC,2020-03-20,664.0,222.0,25.0,9.0,1.0
568,PV,2020-03-20,1725.0,654.0,71.0,85.0,165.0
569,RI,2020-03-20,564.0,128.0,17.0,15.0,18.0
570,AN,2020-03-21,1725.0,724.0,55.0,47.0,38.0
571,AR,2020-03-21,532.0,241.0,45.0,24.0,3.0
572,AS,2020-03-21,545.0,171.0,15.0,8.0,20.0
573,IB,2020-03-21,331.0,79.0,14.0,4.0,17.0
574,CN,2020-03-21,414.0,150.0,32.0,9.0,7.0
575,CB,2020-03-21,282.0,116.0,9.0,5.0,11.0
576,CM,2020-03-21,1819.0,838.0,76.0,112.0,48.0
577,CL,2020-03-21,1744.0,709.0,106.0,74.0,89.0
578,CT,2020-03-21,4704.0,1681.0,298.0,191.0,150.0
579,CE,2020-03-21,5.0,0.0,0.0,0.0,0.0
580,VC,2020-03-21,1604.0,590.0,113.0,69.0,30.0
581,EX,2020-03-21,384.0,87.0,8.0,14.0,8.0
582,GA,2020-03-21,915.0,227.0,35.0,12.0,16.0
583,MD,2020-03-21,9702.0,8441.0,834.0,1021.0,1899.0
584,ME,2020-03-21,25.0,12.0,1.0,0.0,0.0
585,MC,2020-03-21,296.0,78.0,16.0,1.0,1.0
586,NC,2020-03-21,794.0,288.0,30.0,14.0,4.0
587,PV,2020-03-21,2097.0,988.0,81.0,97.0,216.0
588,RI,2020-03-21,654.0,134.0,17.0,18.0,18.0
589,AN,2020-03-22,1961.0,865.0,77.0,58.0,50.0
590,AR,2020-03-22,638.0,298.0,52.0,32.0,30.0
591,AS,2020-03-22,594.0,194.0,22.0,12.0,21.0
592,IB,2020-03-22,400.0,87.0,27.0,10.0,18.0
593,CN,2020-03-22,481.0,172.0,32.0,11.0,7.0
594,CB,2020-03-22,347.0,157.0,14.0,6.0,11.0
595,CM,2020-03-22,2078.0,1547.0,142.0,145.0,51.0
596,CL,2020-03-22,2055.0,860.0,120.0,102.0,117.0
597,CT,2020-03-22,5925.0,1681.0,551.0,245.0,644.0
598,CE,2020-03-22,6.0,0.0,0.0,0.0,0.0
599,VC,2020-03-22,1901.0,702.0,138.0,94.0,36.0
600,EX,2020-03-22,493.0,131.0,13.0,18.0,6.0
601,GA,2020-03-22,1208.0,270.0,47.0,18.0,19.0
602,MD,2020-03-22,10575.0,9561.0,942.0,1263.0,2063.0
603,ME,2020-03-22,28.0,12.0,1.0,0.0,0.0
604,MC,2020-03-22,345.0,80.0,23.0,2.0,1.0
605,NC,2020-03-22,886.0,339.0,40.0,24.0,7.0
606,PV,2020-03-22,2421.0,1252.0,92.0,120.0,283.0
607,RI,2020-03-22,747.0,166.0,22.0,22.0,18.0
608,AN,2020-03-23,2471.0,1132.0,102.0,87.0,66.0
609,AR,2020-03-23,758.0,384.0,66.0,37.0,3.0
610,AS,2020-03-23,662.0,224.0,23.0,22.0,30.0
611,IB,2020-03-23,478.0,127.0,35.0,10.0,19.0
612,CN,2020-03-23,557.0,207.0,36.0,16.0,8.0
613,CB,2020-03-23,425.0,200.0,16.0,9.0,12.0
614,CM,2020-03-23,2465.0,1826.0,182.0,216.0,53.0
615,CL,2020-03-23,2460.0,1057.0,137.0,124.0,140.0
616,CT,2020-03-23,7864.0,3599.0,551.0,282.0,728.0
617,CE,2020-03-23,6.0,0.0,0.0,0.0,0.0
618,VC,2020-03-23,2167.0,917.0,161.0,115.0,37.0
619,EX,2020-03-23,636.0,161.0,20.0,26.0,8.0
620,GA,2020-03-23,1415.0,338.0,55.0,20.0,19.0
621,MD,2020-03-23,12352.0,10443.0,1050.0,1535.0,2291.0
622,ME,2020-03-23,28.0,12.0,1.0,0.0,0.0
623,MC,2020-03-23,385.0,99.0,26.0,3.0,1.0
624,NC,2020-03-23,1014.0,405.0,45.0,31.0,11.0
625,PV,2020-03-23,2728.0,1425.0,106.0,133.0,344.0
626,RI,2020-03-23,802.0,206.0,24.0,30.0,24.0
627,AN,2020-03-24,3010.0,1433.0,116.0,113.0,71.0
628,AR,2020-03-24,907.0,459.0,75.0,40.0,4.0
629,AS,2020-03-24,779.0,263.0,29.0,25.0,35.0
630,IB,2020-03-24,562.0,164.0,40.0,13.0,28.0
631,CN,2020-03-24,657.0,235.0,43.0,21.0,15.0
632,CB,2020-03-24,510.0,241.0,18.0,14.0,12.0
633,CM,2020-03-24,2780.0,2162.0,210.0,263.0,71.0
634,CL,2020-03-24,2940.0,1244.0,170.0,165.0,213.0
635,CT,2020-03-24,9937.0,5434.0,781.0,516.0,1274.0
636,CE,2020-03-24,9.0,2.0,1.0,0.0,0.0
637,VC,2020-03-24,2616.0,1071.0,198.0,143.0,44.0
638,EX,2020-03-24,742.0,209.0,28.0,39.0,8.0
639,GA,2020-03-24,1653.0,412.0,69.0,27.0,25.0
640,MD,2020-03-24,14597.0,11153.0,1150.0,1825.0,3031.0
641,ME,2020-03-24,38.0,14.0,2.0,0.0,0.0
642,MC,2020-03-24,477.0,127.0,33.0,5.0,4.0
643,NC,2020-03-24,1197.0,506.0,51.0,33.0,23.0
644,PV,2020-03-24,3271.0,1577.0,119.0,155.0,466.0
645,RI,2020-03-24,928.0,254.0,33.0,37.0,43.0
646,AN,2020-03-25,3406.0,1626.0,134.0,134.0,77.0
647,AR,2020-03-25,1116.0,562.0,93.0,48.0,4.0
648,AS,2020-03-25,841.0,300.0,34.0,27.0,40.0
649,IB,2020-03-25,660.0,205.0,43.0,17.0,39.0
650,CN,2020-03-25,784.0,279.0,45.0,24.0,18.0
651,CB,2020-03-25,671.0,300.0,26.0,17.0,14.0
652,CM,2020-03-25,3383.0,2162.0,243.0,316.0,95.0
653,CL,2020-03-25,3488.0,1515.0,202.0,206.0,308.0
654,CT,2020-03-25,11592.0,7439.0,1021.0,672.0,1697.0
655,CE,2020-03-25,10.0,2.0,2.0,0.0,0.0
656,VC,2020-03-25,3200.0,1278.0,230.0,167.0,57.0
657,EX,2020-03-25,969.0,241.0,34.0,58.0,24.0
658,GA,2020-03-25,1915.0,503.0,86.0,32.0,47.0
659,MD,2020-03-25,17166.0,12440.0,1221.0,2090.0,3882.0
660,ME,2020-03-25,39.0,16.0,2.0,1.0,0.0
661,MC,2020-03-25,596.0,172.0,36.0,8.0,9.0
662,NC,2020-03-25,1411.0,649.0,54.0,49.0,35.0
663,PV,2020-03-25,3946.0,1907.0,137.0,180.0,621.0
664,RI,2020-03-25,995.0,316.0,36.0,43.0,48.0
665,AN,2020-03-26,3793.0,1843.0,148.0,144.0,92.0
666,AR,2020-03-26,1338.0,693.0,114.0,58.0,8.0
667,AS,2020-03-26,900.0,339.0,47.0,29.0,52.0
668,IB,2020-03-26,755.0,237.0,46.0,22.0,67.0
669,CN,2020-03-26,878.0,328.0,61.0,27.0,20.0
670,CB,2020-03-26,810.0,355.0,29.0,21.0,19.0
671,CM,2020-03-26,3934.0,2707.0,273.0,367.0,153.0
672,CL,2020-03-26,4132.0,1791.0,228.0,252.0,423.0
673,CT,2020-03-26,12940.0,8545.0,1187.0,880.0,2348.0
674,CE,2020-03-26,17.0,2.0,2.0,0.0,0.0
675,VC,2020-03-26,3532.0,1422.0,252.0,198.0,73.0
676,EX,2020-03-26,1231.0,277.0,41.0,69.0,33.0
677,GA,2020-03-26,2322.0,557.0,98.0,43.0,67.0
678,MD,2020-03-26,19243.0,13580.0,1312.0,2412.0,5044.0
679,ME,2020-03-26,42.0,18.0,2.0,1.0,0.0
680,MC,2020-03-26,714.0,209.0,53.0,15.0,12.0
681,NC,2020-03-26,1641.0,732.0,75.0,58.0,70.0
682,PV,2020-03-26,4601.0,2270.0,154.0,207.0,814.0
683,RI,2020-03-26,1236.0,388.0,43.0,55.0,62.0
684,AN,2020-03-27,4277.0,2106.0,172.0,175.0,139.0
685,AR,2020-03-27,1592.0,835.0,124.0,93.0,8.0
686,AS,2020-03-27,1004.0,408.0,50.0,33.0,65.0
687,IB,2020-03-27,862.0,283.0,59.0,26.0,80.0
688,CN,2020-03-27,1025.0,377.0,68.0,36.0,25.0
689,CB,2020-03-27,937.0,406.0,37.0,22.0,21.0
690,CM,2020-03-27,4512.0,2977.0,289.0,448.0,197.0
691,CL,2020-03-27,4791.0,2063.0,249.0,321.0,585.0
692,CT,2020-03-27,14263.0,9900.0,1324.0,1070.0,3106.0
693,CE,2020-03-27,17.0,2.0,2.0,1.0,0.0
694,VC,2020-03-27,4034.0,1694.0,282.0,234.0,92.0
695,EX,2020-03-27,1394.0,312.0,40.0,88.0,49.0
696,GA,2020-03-27,2772.0,906.0,112.0,47.0,95.0
697,MD,2020-03-27,21520.0,14211.0,1404.0,2757.0,6326.0
698,ME,2020-03-27,45.0,22.0,2.0,1.0,0.0
699,MC,2020-03-27,802.0,231.0,58.0,17.0,12.0
700,NC,2020-03-27,1829.0,827.0,84.0,70.0,98.0
701,PV,2020-03-27,5136.0,2612.0,176.0,241.0,1023.0
702,RI,2020-03-27,1436.0,458.0,43.0,65.0,364.0
703,AN,2020-03-28,4682.0,2294.0,201.0,207.0,148.0
704,AR,2020-03-28,1858.0,835.0,124.0,104.0,8.0
705,AS,2020-03-28,1088.0,466.0,57.0,41.0,76.0
706,IB,2020-03-28,958.0,345.0,71.0,29.0,82.0
707,CN,2020-03-28,1125.0,425.0,78.0,39.0,30.0
708,CB,2020-03-28,1023.0,449.0,40.0,26.0,24.0
709,CM,2020-03-28,5246.0,3018.0,299.0,539.0,236.0
710,CL,2020-03-28,5414.0,2408.0,278.0,380.0,752.0
711,CT,2020-03-28,15026.0,10688.0,1391.0,1226.0,3455.0
712,CE,2020-03-28,21.0,2.0,2.0,1.0,0.0
713,VC,2020-03-28,4784.0,1874.0,309.0,267.0,161.0
714,EX,2020-03-28,1456.0,313.0,41.0,100.0,51.0
715,GA,2020-03-28,3139.0,1043.0,123.0,60.0,153.0
716,MD,2020-03-28,22677.0,14454.0,1429.0,3082.0,7491.0
717,ME,2020-03-28,48.0,24.0,2.0,1.0,0.0
718,MC,2020-03-28,872.0,260.0,58.0,20.0,16.0
719,NC,2020-03-28,2011.0,896.0,90.0,84.0,125.0
720,PV,2020-03-28,5740.0,3106.0,271.0,265.0,1503.0
721,RI,2020-03-28,1629.0,497.0,43.0,68.0,397.0
722,AN,2020-03-29,5405.0,2671.0,216.0,236.0,155.0
723,AR,2020-03-29,2078.0,1094.0,156.0,106.0,174.0
724,AS,2020-03-29,1158.0,479.0,60.0,49.0,78.0
725,IB,2020-03-29,1000.0,353.0,80.0,37.0,100.0
726,CN,2020-03-29,1204.0,444.0,84.0,40.0,32.0
727,CB,2020-03-29,1100.0,481.0,46.0,27.0,24.0
728,CM,2020-03-29,5858.0,3134.0,302.0,622.0,252.0
729,CL,2020-03-29,5801.0,2540.0,307.0,442.0,871.0
730,CT,2020-03-29,16157.0,11769.0,1512.0,1410.0,4125.0
731,CE,2020-03-29,25.0,2.0,2.0,1.0,0.0
732,VC,2020-03-29,5110.0,2042.0,336.0,310.0,185.0
733,EX,2020-03-29,1560.0,353.0,43.0,106.0,60.0
734,GA,2020-03-29,3723.0,1147.0,134.0,66.0,168.0
735,MD,2020-03-29,24090.0,14917.0,1460.0,3392.0,8301.0
736,ME,2020-03-29,51.0,27.0,3.0,1.0,0.0
737,MC,2020-03-29,939.0,265.0,58.0,25.0,17.0
738,NC,2020-03-29,2146.0,955.0,96.0,102.0,161.0
739,PV,2020-03-29,6057.0,3427.0,293.0,297.0,1646.0
740,RI,2020-03-29,1733.0,517.0,43.0,71.0,431.0
741,AN,2020-03-30,5818.0,2867.0,235.0,248.0,160.0
742,AR,2020-03-30,2272.0,1176.0,165.0,138.0,204.0
743,AS,2020-03-30,1236.0,529.0,65.0,55.0,90.0
744,IB,2020-03-30,1069.0,399.0,85.0,42.0,111.0
745,CN,2020-03-30,1262.0,483.0,94.0,55.0,57.0
746,CB,2020-03-30,1171.0,522.0,50.0,37.0,35.0
747,CM,2020-03-30,6424.0,3225.0,344.0,708.0,296.0
748,CL,2020-03-30,6211.0,2601.0,325.0,516.0,1028.0
749,CT,2020-03-30,18773.0,12974.0,1652.0,1672.0,4966.0
750,CE,2020-03-30,34.0,3.0,3.0,1.0,0.0
751,VC,2020-03-30,5508.0,2189.0,356.0,339.0,200.0
752,EX,2020-03-30,1628.0,371.0,51.0,133.0,91.0
753,GA,2020-03-30,4039.0,1250.0,149.0,84.0,187.0
754,MD,2020-03-30,27509.0,15140.0,1514.0,3603.0,9330.0
755,ME,2020-03-30,54.0,27.0,3.0,1.0,0.0
756,MC,2020-03-30,974.0,283.0,59.0,34.0,20.0
757,NC,2020-03-30,2305.0,1035.0,99.0,113.0,192.0
758,PV,2020-03-30,6320.0,3594.0,307.0,325.0,1796.0
759,RI,2020-03-30,1810.0,575.0,51.0,85.0,496.0
760,AN,2020-03-31,6392.0,3147.0,260.0,308.0,182.0
761,AR,2020-03-31,2491.0,1234.0,168.0,169.0,257.0
762,AS,2020-03-31,1322.0,590.0,76.0,63.0,109.0
763,IB,2020-03-31,1131.0,468.0,95.0,46.0,170.0
764,CN,2020-03-31,1380.0,532.0,110.0,62.0,77.0
765,CB,2020-03-31,1213.0,543.0,54.0,54.0,43.0
766,CM,2020-03-31,7047.0,3230.0,353.0,774.0,397.0
767,CL,2020-03-31,6847.0,2692.0,345.0,585.0,1259.0
768,CT,2020-03-31,19991.0,13969.0,1769.0,1849.0,5701.0
769,CE,2020-03-31,51.0,6.0,3.0,1.0,0.0
770,VC,2020-03-31,5922.0,2189.0,365.0,395.0,240.0
771,EX,2020-03-31,1679.0,372.0,58.0,152.0,113.0
772,GA,2020-03-31,4432.0,1338.0,158.0,103.0,259.0
773,MD,2020-03-31,29840.0,15227.0,1514.0,3865.0,10827.0
774,ME,2020-03-31,62.0,32.0,3.0,1.0,0.0
775,MC,2020-03-31,1041.0,304.0,59.0,37.0,43.0
776,NC,2020-03-31,2497.0,1120.0,104.0,130.0,236.0
777,PV,2020-03-31,6838.0,3806.0,324.0,369.0,2165.0
778,RI,2020-03-31,1960.0,619.0,54.0,90.0,569.0
779,AN,2020-04-01,6972.0,3444.0,280.0,343.0,228.0
780,AR,2020-04-01,2700.0,1320.0,178.0,200.0,320.0
781,AS,2020-04-01,1384.0,640.0,79.0,69.0,135.0
782,IB,2020-04-01,1204.0,517.0,105.0,58.0,239.0
783,CN,2020-04-01,1444.0,566.0,113.0,68.0,94.0
784,CB,2020-04-01,1268.0,567.0,57.0,60.0,60.0
785,CM,2020-04-01,7682.0,3230.0,355.0,854.0,494.0
786,CL,2020-04-01,7355.0,2709.0,353.0,641.0,1498.0
787,CT,2020-04-01,21804.0,15489.0,1855.0,2093.0,6917.0
788,CE,2020-04-01,55.0,7.0,3.0,1.0,0.0
789,VC,2020-04-01,6308.0,2189.0,379.0,443.0,432.0
790,EX,2020-04-01,1837.0,412.0,62.0,181.0,139.0
791,GA,2020-04-01,4842.0,1447.0,165.0,120.0,333.0
792,MD,2020-04-01,32155.0,15227.0,1528.0,4175.0,12400.0
793,ME,2020-04-01,62.0,32.0,3.0,1.0,0.0
794,MC,2020-04-01,1084.0,389.0,68.0,42.0,45.0
795,NC,2020-04-01,2682.0,1181.0,108.0,141.0,278.0
796,PV,2020-04-01,7317.0,4087.0,344.0,412.0,2490.0
797,RI,2020-04-01,2083.0,660.0,57.0,101.0,641.0
798,AN,2020-04-02,7374.0,3673.0,338.0,376.0,258.0
799,AR,2020-04-02,2889.0,1431.0,180.0,224.0,378.0
800,AS,2020-04-02,1433.0,702.0,86.0,70.0,154.0
801,IB,2020-04-02,1257.0,587.0,112.0,69.0,375.0
802,CN,2020-04-02,1490.0,605.0,120.0,73.0,102.0
803,CB,2020-04-02,1321.0,592.0,59.0,64.0,74.0
804,CM,2020-04-02,8523.0,3168.0,355.0,916.0,579.0
805,CL,2020-04-02,7875.0,2711.0,355.0,723.0,1759.0
806,CT,2020-04-02,23460.0,17257.0,2053.0,2335.0,7849.0
807,CE,2020-04-02,62.0,8.0,3.0,1.0,2.0
808,VC,2020-04-02,6624.0,2064.0,386.0,511.0,592.0
809,EX,2020-04-02,1893.0,415.0,64.0,200.0,164.0
810,GA,2020-04-02,5219.0,1630.0,178.0,138.0,435.0
811,MD,2020-04-02,34188.0,15050.0,1506.0,4483.0,13850.0
812,ME,2020-04-02,70.0,34.0,3.0,2.0,4.0
813,MC,2020-04-02,1145.0,405.0,72.0,46.0,90.0
814,NC,2020-04-02,2836.0,1284.0,119.0,151.0,294.0
815,PV,2020-04-02,7827.0,4283.0,363.0,444.0,2809.0
816,RI,2020-04-02,2224.0,738.0,64.0,109.0,745.0
