,CCAA,FECHA,CASOS,PCR+,TestAc+,Hospitalizados,UCI,Fallecidos
0,AN,2020-02-20,0.0,0.0,0.0,0.0,0.0,0.0
1,AR,2020-02-20,0.0,0.0,0.0,0.0,0.0,0.0
2,AS,2020-02-20,0.0,0.0,0.0,0.0,0.0,0.0
3,IB,2020-02-20,0.0,1.0,0.0,0.0,0.0,0.0
4,CN,2020-02-20,0.0,1.0,0.0,0.0,0.0,0.0
5,CB,2020-02-20,0.0,0.0,0.0,0.0,0.0,0.0
6,CM,2020-02-20,0.0,0.0,0.0,0.0,0.0,0.0
7,CL,2020-02-20,0.0,0.0,0.0,0.0,0.0,0.0
8,CT,2020-02-20,0.0,0.0,0.0,0.0,0.0,0.0
9,CE,2020-02-20,0.0,0.0,0.0,0.0,0.0,0.0
10,VC,2020-02-20,0.0,0.0,0.0,26.0,0.0,0.0
11,EX,2020-02-20,0.0,0.0,0.0,0.0,0.0,0.0
12,GA,2020-02-20,0.0,0.0,0.0,0.0,0.0,0.0
13,MD,2020-02-20,0.0,1.0,0.0,0.0,0.0,0.0
14,ML,2020-02-20,0.0,0.0,0.0,0.0,0.0,0.0
15,MC,2020-02-20,0.0,0.0,0.0,0.0,0.0,0.0
16,NC,2020-02-20,0.0,0.0,0.0,0.0,0.0,0.0
17,PV,2020-02-20,0.0,0.0,0.0,0.0,0.0,0.0
18,RI,2020-02-20,0.0,0.0,0.0,0.0,0.0,0.0
19,AN,2020-02-21,0.0,0.0,0.0,0.0,0.0,0.0
20,AR,2020-02-21,0.0,0.0,0.0,0.0,0.0,0.0
21,AS,2020-02-21,0.0,0.0,0.0,0.0,0.0,0.0
22,IB,2020-02-21,0.0,1.0,0.0,0.0,0.0,0.0
23,CN,2020-02-21,0.0,1.0,0.0,0.0,0.0,0.0
24,CB,2020-02-21,0.0,0.0,0.0,0.0,0.0,0.0
25,CM,2020-02-21,0.0,0.0,0.0,0.0,0.0,0.0
26,CL,2020-02-21,0.0,0.0,0.0,0.0,0.0,0.0
27,CT,2020-02-21,0.0,0.0,0.0,0.0,0.0,0.0
28,CE,2020-02-21,0.0,0.0,0.0,0.0,0.0,0.0
29,VC,2020-02-21,0.0,0.0,0.0,30.0,1.0,0.0
30,EX,2020-02-21,0.0,0.0,0.0,0.0,0.0,0.0
31,GA,2020-02-21,0.0,0.0,0.0,0.0,0.0,0.0
32,MD,2020-02-21,0.0,1.0,0.0,0.0,0.0,0.0
33,ML,2020-02-21,0.0,0.0,0.0,0.0,0.0,0.0
34,MC,2020-02-21,0.0,0.0,0.0,0.0,0.0,0.0
35,NC,2020-02-21,0.0,0.0,0.0,0.0,0.0,0.0
36,PV,2020-02-21,0.0,0.0,0.0,0.0,0.0,0.0
37,RI,2020-02-21,0.0,0.0,0.0,0.0,0.0,0.0
38,AN,2020-02-22,0.0,0.0,0.0,0.0,0.0,0.0
39,AR,2020-02-22,0.0,0.0,0.0,0.0,0.0,0.0
40,AS,2020-02-22,0.0,0.0,0.0,0.0,0.0,0.0
41,IB,2020-02-22,0.0,1.0,0.0,0.0,0.0,0.0
42,CN,2020-02-22,0.0,1.0,0.0,0.0,0.0,0.0
43,CB,2020-02-22,0.0,0.0,0.0,0.0,0.0,0.0
44,CM,2020-02-22,0.0,0.0,0.0,0.0,0.0,0.0
45,CL,2020-02-22,0.0,0.0,0.0,0.0,0.0,0.0
46,CT,2020-02-22,0.0,0.0,0.0,0.0,0.0,0.0
47,CE,2020-02-22,0.0,0.0,0.0,0.0,0.0,0.0
48,VC,2020-02-22,0.0,0.0,0.0,33.0,1.0,0.0
49,EX,2020-02-22,0.0,0.0,0.0,0.0,0.0,0.0
50,GA,2020-02-22,0.0,0.0,0.0,0.0,0.0,0.0
51,MD,2020-02-22,0.0,1.0,0.0,0.0,0.0,0.0
52,ML,2020-02-22,0.0,0.0,0.0,0.0,0.0,0.0
53,MC,2020-02-22,0.0,0.0,0.0,0.0,0.0,0.0
54,NC,2020-02-22,0.0,0.0,0.0,0.0,0.0,0.0
55,PV,2020-02-22,0.0,0.0,0.0,0.0,0.0,0.0
56,RI,2020-02-22,0.0,0.0,0.0,0.0,0.0,0.0
57,AN,2020-02-23,0.0,0.0,0.0,0.0,0.0,0.0
58,AR,2020-02-23,0.0,0.0,0.0,0.0,0.0,0.0
59,AS,2020-02-23,0.0,0.0,0.0,0.0,0.0,0.0
60,IB,2020-02-23,0.0,1.0,0.0,0.0,0.0,0.0
61,CN,2020-02-23,0.0,1.0,0.0,0.0,0.0,0.0
62,CB,2020-02-23,0.0,0.0,0.0,0.0,0.0,0.0
63,CM,2020-02-23,0.0,0.0,0.0,0.0,0.0,0.0
64,CL,2020-02-23,0.0,0.0,0.0,0.0,0.0,0.0
65,CT,2020-02-23,0.0,0.0,0.0,0.0,0.0,0.0
66,CE,2020-02-23,0.0,0.0,0.0,0.0,0.0,0.0
67,VC,2020-02-23,0.0,0.0,0.0,38.0,2.0,0.0
68,EX,2020-02-23,0.0,0.0,0.0,0.0,0.0,0.0
69,GA,2020-02-23,0.0,0.0,0.0,0.0,0.0,0.0
70,MD,2020-02-23,0.0,1.0,0.0,0.0,0.0,0.0
71,ML,2020-02-23,0.0,0.0,0.0,0.0,0.0,0.0
72,MC,2020-02-23,0.0,0.0,0.0,0.0,0.0,0.0
73,NC,2020-02-23,0.0,0.0,0.0,0.0,0.0,0.0
74,PV,2020-02-23,0.0,0.0,0.0,0.0,0.0,0.0
75,RI,2020-02-23,0.0,0.0,0.0,0.0,0.0,0.0
76,AN,2020-02-24,0.0,0.0,0.0,0.0,0.0,0.0
77,AR,2020-02-24,0.0,0.0,0.0,0.0,0.0,0.0
78,AS,2020-02-24,0.0,0.0,0.0,0.0,0.0,0.0
79,IB,2020-02-24,0.0,1.0,0.0,0.0,0.0,0.0
80,CN,2020-02-24,0.0,2.0,0.0,0.0,0.0,0.0
81,CB,2020-02-24,0.0,0.0,0.0,0.0,0.0,0.0
82,CM,2020-02-24,0.0,0.0,0.0,0.0,0.0,0.0
83,CL,2020-02-24,0.0,0.0,0.0,0.0,0.0,0.0
84,CT,2020-02-24,0.0,0.0,0.0,0.0,0.0,0.0
85,CE,2020-02-24,0.0,0.0,0.0,0.0,0.0,0.0
86,VC,2020-02-24,0.0,0.0,0.0,49.0,2.0,0.0
87,EX,2020-02-24,0.0,0.0,0.0,0.0,0.0,0.0
88,GA,2020-02-24,0.0,0.0,0.0,0.0,0.0,0.0
89,MD,2020-02-24,0.0,1.0,0.0,0.0,0.0,0.0
90,ML,2020-02-24,0.0,0.0,0.0,0.0,0.0,0.0
91,MC,2020-02-24,0.0,0.0,0.0,0.0,0.0,0.0
92,NC,2020-02-24,0.0,0.0,0.0,0.0,0.0,0.0
93,PV,2020-02-24,0.0,0.0,0.0,0.0,0.0,0.0
94,RI,2020-02-24,0.0,0.0,0.0,0.0,0.0,0.0
95,AN,2020-02-25,0.0,0.0,0.0,0.0,0.0,0.0
96,AR,2020-02-25,0.0,0.0,0.0,0.0,0.0,0.0
97,AS,2020-02-25,0.0,0.0,0.0,0.0,0.0,0.0
98,IB,2020-02-25,0.0,1.0,0.0,0.0,0.0,0.0
99,CN,2020-02-25,0.0,5.0,0.0,0.0,0.0,0.0
100,CB,2020-02-25,0.0,0.0,0.0,0.0,0.0,0.0
101,CM,2020-02-25,0.0,0.0,0.0,0.0,0.0,0.0
102,CL,2020-02-25,0.0,0.0,0.0,0.0,0.0,0.0
103,CT,2020-02-25,0.0,1.0,0.0,0.0,0.0,0.0
104,CE,2020-02-25,0.0,0.0,0.0,0.0,0.0,0.0
105,VC,2020-02-25,0.0,1.0,0.0,58.0,2.0,0.0
106,EX,2020-02-25,0.0,0.0,0.0,0.0,0.0,0.0
107,GA,2020-02-25,0.0,0.0,0.0,0.0,0.0,0.0
108,MD,2020-02-25,0.0,2.0,0.0,0.0,0.0,0.0
109,ML,2020-02-25,0.0,0.0,0.0,0.0,0.0,0.0
110,MC,2020-02-25,0.0,0.0,0.0,0.0,0.0,0.0
111,NC,2020-02-25,0.0,0.0,0.0,0.0,0.0,0.0
112,PV,2020-02-25,0.0,0.0,0.0,0.0,0.0,0.0
113,RI,2020-02-25,0.0,0.0,0.0,0.0,0.0,0.0
114,AN,2020-02-26,0.0,1.0,0.0,0.0,0.0,0.0
115,AR,2020-02-26,0.0,0.0,0.0,0.0,0.0,0.0
116,AS,2020-02-26,0.0,0.0,0.0,0.0,0.0,0.0
117,IB,2020-02-26,0.0,1.0,0.0,0.0,0.0,0.0
118,CN,2020-02-26,0.0,6.0,0.0,0.0,0.0,0.0
119,CB,2020-02-26,0.0,0.0,0.0,0.0,0.0,0.0
120,CM,2020-02-26,0.0,0.0,0.0,0.0,0.0,0.0
121,CL,2020-02-26,0.0,0.0,0.0,0.0,0.0,0.0
122,CT,2020-02-26,0.0,2.0,0.0,0.0,0.0,0.0
123,CE,2020-02-26,0.0,0.0,0.0,0.0,0.0,0.0
124,VC,2020-02-26,0.0,2.0,0.0,63.0,3.0,0.0
125,EX,2020-02-26,0.0,0.0,0.0,0.0,0.0,0.0
126,GA,2020-02-26,0.0,0.0,0.0,0.0,0.0,0.0
127,MD,2020-02-26,0.0,6.0,0.0,0.0,0.0,0.0
128,ML,2020-02-26,0.0,0.0,0.0,0.0,0.0,0.0
129,MC,2020-02-26,0.0,0.0,0.0,0.0,0.0,0.0
130,NC,2020-02-26,0.0,0.0,0.0,0.0,0.0,0.0
131,PV,2020-02-26,0.0,0.0,0.0,0.0,0.0,0.0
132,RI,2020-02-26,0.0,0.0,0.0,0.0,0.0,0.0
133,AN,2020-02-27,0.0,6.0,0.0,0.0,0.0,0.0
134,AR,2020-02-27,0.0,0.0,0.0,0.0,0.0,0.0
135,AS,2020-02-27,0.0,0.0,0.0,0.0,0.0,0.0
136,IB,2020-02-27,0.0,1.0,0.0,0.0,0.0,0.0
137,CN,2020-02-27,0.0,6.0,0.0,0.0,0.0,0.0
138,CB,2020-02-27,0.0,0.0,0.0,0.0,0.0,0.0
139,CM,2020-02-27,0.0,0.0,0.0,0.0,0.0,0.0
140,CL,2020-02-27,0.0,2.0,0.0,0.0,0.0,0.0
141,CT,2020-02-27,0.0,3.0,0.0,0.0,0.0,0.0
142,CE,2020-02-27,0.0,0.0,0.0,0.0,0.0,0.0
143,VC,2020-02-27,0.0,8.0,0.0,73.0,3.0,0.0
144,EX,2020-02-27,0.0,0.0,0.0,0.0,0.0,0.0
145,GA,2020-02-27,0.0,0.0,0.0,0.0,0.0,0.0
146,MD,2020-02-27,0.0,10.0,0.0,0.0,0.0,0.0
147,ML,2020-02-27,0.0,0.0,0.0,0.0,0.0,0.0
148,MC,2020-02-27,0.0,0.0,0.0,0.0,0.0,0.0
149,NC,2020-02-27,0.0,0.0,0.0,0.0,0.0,0.0
150,PV,2020-02-27,0.0,0.0,0.0,0.0,0.0,0.0
151,RI,2020-02-27,0.0,0.0,0.0,0.0,0.0,0.0
152,AN,2020-02-28,0.0,8.0,0.0,0.0,0.0,0.0
153,AR,2020-02-28,0.0,0.0,0.0,0.0,0.0,0.0
154,AS,2020-02-28,0.0,0.0,0.0,0.0,0.0,0.0
155,IB,2020-02-28,0.0,2.0,0.0,0.0,0.0,0.0
156,CN,2020-02-28,0.0,6.0,0.0,0.0,0.0,0.0
157,CB,2020-02-28,0.0,0.0,0.0,0.0,0.0,0.0
158,CM,2020-02-28,0.0,0.0,0.0,0.0,0.0,0.0
159,CL,2020-02-28,0.0,2.0,0.0,0.0,0.0,0.0
160,CT,2020-02-28,0.0,5.0,0.0,0.0,0.0,0.0
161,CE,2020-02-28,0.0,0.0,0.0,0.0,0.0,0.0
162,VC,2020-02-28,0.0,10.0,0.0,78.0,3.0,0.0
163,EX,2020-02-28,0.0,0.0,0.0,0.0,0.0,0.0
164,GA,2020-02-28,0.0,0.0,0.0,0.0,0.0,0.0
165,MD,2020-02-28,0.0,20.0,0.0,0.0,0.0,0.0
166,ML,2020-02-28,0.0,0.0,0.0,0.0,0.0,0.0
167,MC,2020-02-28,0.0,0.0,0.0,0.0,0.0,0.0
168,NC,2020-02-28,0.0,0.0,0.0,0.0,0.0,0.0
169,PV,2020-02-28,0.0,2.0,0.0,0.0,0.0,0.0
170,RI,2020-02-28,0.0,0.0,0.0,0.0,0.0,0.0
171,AN,2020-02-29,0.0,12.0,0.0,0.0,0.0,0.0
172,AR,2020-02-29,0.0,0.0,0.0,0.0,0.0,0.0
173,AS,2020-02-29,0.0,1.0,0.0,0.0,1.0,0.0
174,IB,2020-02-29,0.0,2.0,0.0,0.0,0.0,0.0
175,CN,2020-02-29,0.0,7.0,0.0,0.0,0.0,0.0
176,CB,2020-02-29,0.0,1.0,0.0,0.0,0.0,0.0
177,CM,2020-02-29,0.0,1.0,0.0,0.0,0.0,0.0
178,CL,2020-02-29,0.0,3.0,0.0,0.0,0.0,0.0
179,CT,2020-02-29,0.0,6.0,0.0,0.0,0.0,0.0
180,CE,2020-02-29,0.0,0.0,0.0,0.0,0.0,0.0
181,VC,2020-02-29,0.0,15.0,0.0,85.0,3.0,0.0
182,EX,2020-02-29,0.0,4.0,0.0,0.0,0.0,0.0
183,GA,2020-02-29,0.0,0.0,0.0,0.0,0.0,0.0
184,MD,2020-02-29,0.0,27.0,0.0,0.0,0.0,0.0
185,ML,2020-02-29,0.0,0.0,0.0,0.0,0.0,0.0
186,MC,2020-02-29,0.0,0.0,0.0,0.0,0.0,0.0
187,NC,2020-02-29,0.0,1.0,0.0,0.0,0.0,0.0
188,PV,2020-02-29,0.0,3.0,0.0,0.0,0.0,0.0
189,RI,2020-02-29,0.0,0.0,0.0,0.0,0.0,0.0
190,AN,2020-03-01,0.0,12.0,0.0,0.0,0.0,0.0
191,AR,2020-03-01,0.0,0.0,0.0,0.0,0.0,0.0
192,AS,2020-03-01,0.0,1.0,0.0,0.0,1.0,0.0
193,IB,2020-03-01,0.0,2.0,0.0,0.0,0.0,0.0
194,CN,2020-03-01,0.0,7.0,0.0,0.0,0.0,0.0
195,CB,2020-03-01,0.0,10.0,0.0,0.0,0.0,0.0
196,CM,2020-03-01,0.0,3.0,0.0,0.0,0.0,0.0
197,CL,2020-03-01,0.0,3.0,0.0,0.0,0.0,0.0
198,CT,2020-03-01,0.0,15.0,0.0,0.0,0.0,0.0
199,CE,2020-03-01,0.0,0.0,0.0,0.0,0.0,0.0
200,VC,2020-03-01,0.0,15.0,0.0,88.0,3.0,0.0
201,EX,2020-03-01,0.0,6.0,0.0,0.0,0.0,0.0
202,GA,2020-03-01,0.0,0.0,0.0,0.0,0.0,0.0
203,MD,2020-03-01,0.0,53.0,0.0,0.0,0.0,0.0
204,ML,2020-03-01,0.0,0.0,0.0,0.0,0.0,0.0
205,MC,2020-03-01,0.0,0.0,0.0,0.0,0.0,0.0
206,NC,2020-03-01,0.0,1.0,0.0,0.0,0.0,0.0
207,PV,2020-03-01,0.0,9.0,0.0,0.0,0.0,0.0
208,RI,2020-03-01,0.0,1.0,0.0,0.0,0.0,0.0
209,AN,2020-03-02,0.0,12.0,0.0,0.0,0.0,0.0
210,AR,2020-03-02,0.0,0.0,0.0,0.0,0.0,0.0
211,AS,2020-03-02,0.0,1.0,0.0,1.0,1.0,0.0
212,IB,2020-03-02,0.0,2.0,0.0,0.0,0.0,0.0
213,CN,2020-03-02,0.0,7.0,0.0,0.0,0.0,0.0
214,CB,2020-03-02,0.0,10.0,0.0,0.0,0.0,0.0
215,CM,2020-03-02,0.0,7.0,0.0,0.0,0.0,0.0
216,CL,2020-03-02,0.0,8.0,0.0,0.0,0.0,0.0
217,CT,2020-03-02,0.0,15.0,0.0,0.0,0.0,0.0
218,CE,2020-03-02,0.0,0.0,0.0,0.0,0.0,0.0
219,VC,2020-03-02,0.0,15.0,0.0,93.0,3.0,0.0
220,EX,2020-03-02,0.0,6.0,0.0,0.0,0.0,0.0
221,GA,2020-03-02,0.0,0.0,0.0,0.0,0.0,0.0
222,MD,2020-03-02,0.0,96.0,0.0,0.0,0.0,0.0
223,ML,2020-03-02,0.0,0.0,0.0,0.0,0.0,0.0
224,MC,2020-03-02,0.0,0.0,0.0,0.0,0.0,0.0
225,NC,2020-03-02,0.0,1.0,0.0,0.0,0.0,0.0
226,PV,2020-03-02,0.0,13.0,0.0,0.0,0.0,0.0
227,RI,2020-03-02,0.0,2.0,0.0,0.0,0.0,0.0
228,AN,2020-03-03,0.0,12.0,0.0,0.0,0.0,0.0
229,AR,2020-03-03,0.0,0.0,0.0,0.0,0.0,0.0
230,AS,2020-03-03,0.0,2.0,0.0,1.0,1.0,0.0
231,IB,2020-03-03,0.0,5.0,0.0,0.0,0.0,0.0
232,CN,2020-03-03,0.0,7.0,0.0,0.0,0.0,0.0
233,CB,2020-03-03,0.0,10.0,0.0,0.0,0.0,0.0
234,CM,2020-03-03,0.0,12.0,0.0,0.0,0.0,0.0
235,CL,2020-03-03,0.0,11.0,0.0,0.0,0.0,0.0
236,CT,2020-03-03,0.0,15.0,0.0,0.0,0.0,0.0
237,CE,2020-03-03,0.0,0.0,0.0,0.0,0.0,0.0
238,VC,2020-03-03,0.0,19.0,0.0,105.0,5.0,0.0
239,EX,2020-03-03,0.0,6.0,0.0,0.0,0.0,0.0
240,GA,2020-03-03,0.0,1.0,0.0,0.0,0.0,0.0
241,MD,2020-03-03,0.0,142.0,0.0,0.0,0.0,0.0
242,ML,2020-03-03,0.0,0.0,0.0,0.0,0.0,0.0
243,MC,2020-03-03,0.0,0.0,0.0,0.0,0.0,0.0
244,NC,2020-03-03,0.0,3.0,0.0,0.0,0.0,0.0
245,PV,2020-03-03,0.0,17.0,0.0,0.0,0.0,0.0
246,RI,2020-03-03,0.0,7.0,0.0,0.0,0.0,0.0
247,AN,2020-03-04,0.0,12.0,0.0,0.0,0.0,0.0
248,AR,2020-03-04,0.0,1.0,0.0,0.0,0.0,0.0
249,AS,2020-03-04,0.0,4.0,0.0,1.0,1.0,0.0
250,IB,2020-03-04,0.0,6.0,0.0,0.0,0.0,0.0
251,CN,2020-03-04,0.0,8.0,0.0,0.0,0.0,0.0
252,CB,2020-03-04,0.0,10.0,0.0,0.0,0.0,0.0
253,CM,2020-03-04,0.0,13.0,0.0,0.0,0.0,0.0
254,CL,2020-03-04,0.0,11.0,0.0,0.0,0.0,0.0
255,CT,2020-03-04,0.0,24.0,0.0,0.0,0.0,0.0
256,CE,2020-03-04,0.0,0.0,0.0,0.0,0.0,0.0
257,VC,2020-03-04,0.0,19.0,0.0,117.0,6.0,0.0
258,EX,2020-03-04,0.0,6.0,0.0,0.0,0.0,0.0
259,GA,2020-03-04,0.0,1.0,0.0,0.0,0.0,0.0
260,MD,2020-03-04,0.0,199.0,0.0,0.0,0.0,0.0
261,ML,2020-03-04,0.0,0.0,0.0,0.0,0.0,0.0
262,MC,2020-03-04,0.0,0.0,0.0,0.0,0.0,0.0
263,NC,2020-03-04,0.0,3.0,0.0,0.0,0.0,0.0
264,PV,2020-03-04,0.0,17.0,0.0,0.0,0.0,0.0
265,RI,2020-03-04,0.0,17.0,0.0,0.0,0.0,0.0
266,AN,2020-03-05,0.0,21.0,0.0,0.0,0.0,0.0
267,AR,2020-03-05,0.0,1.0,0.0,0.0,0.0,0.0
268,AS,2020-03-05,0.0,4.0,0.0,4.0,1.0,0.0
269,IB,2020-03-05,0.0,6.0,0.0,0.0,0.0,0.0
270,CN,2020-03-05,0.0,11.0,0.0,0.0,0.0,0.0
271,CB,2020-03-05,0.0,10.0,0.0,0.0,0.0,0.0
272,CM,2020-03-05,0.0,15.0,0.0,0.0,0.0,0.0
273,CL,2020-03-05,0.0,14.0,0.0,0.0,0.0,0.0
274,CT,2020-03-05,0.0,24.0,0.0,0.0,0.0,0.0
275,CE,2020-03-05,0.0,0.0,0.0,0.0,0.0,0.0
276,VC,2020-03-05,0.0,30.0,0.0,130.0,8.0,0.0
277,EX,2020-03-05,0.0,6.0,0.0,0.0,0.0,0.0
278,GA,2020-03-05,0.0,3.0,0.0,0.0,0.0,0.0
279,MD,2020-03-05,0.0,311.0,0.0,0.0,0.0,0.0
280,ML,2020-03-05,0.0,0.0,0.0,0.0,0.0,0.0
281,MC,2020-03-05,0.0,0.0,0.0,0.0,0.0,0.0
282,NC,2020-03-05,0.0,3.0,0.0,0.0,0.0,0.0
283,PV,2020-03-05,0.0,45.0,0.0,0.0,0.0,0.0
284,RI,2020-03-05,0.0,29.0,0.0,0.0,0.0,0.0
285,AN,2020-03-06,0.0,27.0,0.0,0.0,0.0,0.0
286,AR,2020-03-06,0.0,5.0,0.0,0.0,0.0,0.0
287,AS,2020-03-06,0.0,7.0,0.0,4.0,1.0,0.0
288,IB,2020-03-06,0.0,6.0,0.0,0.0,0.0,0.0
289,CN,2020-03-06,0.0,11.0,0.0,0.0,0.0,0.0
290,CB,2020-03-06,0.0,10.0,0.0,0.0,0.0,0.0
291,CM,2020-03-06,0.0,15.0,0.0,0.0,0.0,0.0
292,CL,2020-03-06,0.0,14.0,0.0,0.0,0.0,0.0
293,CT,2020-03-06,0.0,24.0,0.0,0.0,0.0,0.0
294,CE,2020-03-06,0.0,0.0,0.0,0.0,0.0,0.0
295,VC,2020-03-06,0.0,30.0,0.0,138.0,8.0,0.0
296,EX,2020-03-06,0.0,6.0,0.0,0.0,0.0,0.0
297,GA,2020-03-06,0.0,3.0,0.0,0.0,0.0,0.0
298,MD,2020-03-06,0.0,515.0,0.0,0.0,0.0,0.0
299,ML,2020-03-06,0.0,0.0,0.0,0.0,0.0,0.0
300,MC,2020-03-06,0.0,0.0,0.0,0.0,0.0,0.0
301,NC,2020-03-06,0.0,3.0,0.0,0.0,0.0,0.0
302,PV,2020-03-06,0.0,45.0,0.0,0.0,0.0,0.0
303,RI,2020-03-06,0.0,47.0,0.0,0.0,0.0,0.0
304,AN,2020-03-07,0.0,34.0,0.0,0.0,0.0,0.0
305,AR,2020-03-07,0.0,5.0,0.0,0.0,0.0,0.0
306,AS,2020-03-07,0.0,8.0,0.0,4.0,1.0,0.0
307,IB,2020-03-07,0.0,8.0,0.0,0.0,0.0,0.0
308,CN,2020-03-07,0.0,17.0,0.0,0.0,0.0,0.0
309,CB,2020-03-07,0.0,12.0,0.0,0.0,0.0,0.0
310,CM,2020-03-07,0.0,15.0,0.0,0.0,0.0,0.0
311,CL,2020-03-07,0.0,22.0,0.0,0.0,0.0,0.0
312,CT,2020-03-07,0.0,49.0,0.0,0.0,0.0,0.0
313,CE,2020-03-07,0.0,0.0,0.0,0.0,0.0,0.0
314,VC,2020-03-07,0.0,37.0,0.0,146.0,9.0,0.0
315,EX,2020-03-07,0.0,6.0,0.0,0.0,0.0,0.0
316,GA,2020-03-07,0.0,5.0,0.0,0.0,0.0,0.0
317,MD,2020-03-07,0.0,738.0,0.0,0.0,0.0,0.0
318,ML,2020-03-07,0.0,0.0,0.0,0.0,0.0,0.0
319,MC,2020-03-07,0.0,1.0,0.0,0.0,0.0,0.0
320,NC,2020-03-07,0.0,3.0,0.0,0.0,0.0,0.0
321,PV,2020-03-07,0.0,70.0,0.0,0.0,0.0,0.0
322,RI,2020-03-07,0.0,70.0,0.0,0.0,0.0,0.0
323,AN,2020-03-08,0.0,54.0,0.0,0.0,1.0,0.0
324,AR,2020-03-08,0.0,7.0,0.0,0.0,3.0,3.0
325,AS,2020-03-08,0.0,10.0,0.0,7.0,1.0,0.0
326,IB,2020-03-08,0.0,11.0,0.0,0.0,1.0,0.0
327,CN,2020-03-08,0.0,22.0,0.0,0.0,0.0,0.0
328,CB,2020-03-08,0.0,12.0,0.0,0.0,0.0,0.0
329,CM,2020-03-08,0.0,26.0,0.0,21.0,2.0,0.0
330,CL,2020-03-08,0.0,23.0,0.0,0.0,2.0,0.0
331,CT,2020-03-08,0.0,59.0,0.0,16.0,5.0,2.0
332,CE,2020-03-08,0.0,0.0,0.0,0.0,0.0,0.0
333,VC,2020-03-08,0.0,37.0,0.0,153.0,9.0,1.0
334,EX,2020-03-08,0.0,7.0,0.0,0.0,0.0,0.0
335,GA,2020-03-08,0.0,6.0,0.0,0.0,2.0,0.0
336,MD,2020-03-08,0.0,1003.0,0.0,0.0,61.0,16.0
337,ML,2020-03-08,0.0,0.0,0.0,0.0,0.0,0.0
338,MC,2020-03-08,0.0,4.0,0.0,0.0,0.0,0.0
339,NC,2020-03-08,0.0,3.0,0.0,0.0,1.0,0.0
340,PV,2020-03-08,0.0,149.0,0.0,0.0,5.0,6.0
341,RI,2020-03-08,0.0,102.0,0.0,0.0,1.0,0.0
342,AN,2020-03-09,0.0,71.0,0.0,0.0,1.0,0.0
343,AR,2020-03-09,0.0,30.0,0.0,0.0,3.0,4.0
344,AS,2020-03-09,0.0,15.0,0.0,11.0,1.0,0.0
345,IB,2020-03-09,0.0,13.0,0.0,0.0,1.0,0.0
346,CN,2020-03-09,0.0,25.0,0.0,0.0,1.0,0.0
347,CB,2020-03-09,0.0,12.0,0.0,0.0,0.0,0.0
348,CM,2020-03-09,0.0,39.0,0.0,31.0,3.0,0.0
349,CL,2020-03-09,0.0,56.0,0.0,0.0,2.0,0.0
350,CT,2020-03-09,0.0,82.0,0.0,31.0,7.0,2.0
351,CE,2020-03-09,0.0,0.0,0.0,0.0,0.0,0.0
352,VC,2020-03-09,0.0,50.0,0.0,171.0,10.0,1.0
353,EX,2020-03-09,0.0,8.0,0.0,0.0,0.0,0.0
354,GA,2020-03-09,0.0,22.0,0.0,0.0,2.0,0.0
355,MD,2020-03-09,0.0,1508.0,0.0,0.0,120.0,21.0
356,ML,2020-03-09,0.0,0.0,0.0,0.0,0.0,0.0
357,MC,2020-03-09,0.0,9.0,0.0,0.0,0.0,0.0
358,NC,2020-03-09,0.0,12.0,0.0,0.0,2.0,0.0
359,PV,2020-03-09,0.0,195.0,0.0,0.0,5.0,6.0
360,RI,2020-03-09,0.0,155.0,0.0,0.0,1.0,1.0
361,AN,2020-03-10,0.0,90.0,0.0,32.0,3.0,0.0
362,AR,2020-03-10,0.0,38.0,0.0,22.0,3.0,4.0
363,AS,2020-03-10,0.0,32.0,0.0,13.0,2.0,0.0
364,IB,2020-03-10,0.0,16.0,0.0,8.0,1.0,0.0
365,CN,2020-03-10,0.0,37.0,0.0,10.0,1.0,0.0
366,CB,2020-03-10,0.0,12.0,0.0,0.0,0.0,0.0
367,CM,2020-03-10,0.0,71.0,0.0,46.0,5.0,0.0
368,CL,2020-03-10,0.0,71.0,0.0,24.0,5.0,0.0
369,CT,2020-03-10,0.0,123.0,0.0,50.0,8.0,3.0
370,CE,2020-03-10,0.0,0.0,0.0,0.0,0.0,0.0
371,VC,2020-03-10,0.0,65.0,0.0,200.0,12.0,1.0
372,EX,2020-03-10,0.0,9.0,0.0,1.0,1.0,1.0
373,GA,2020-03-10,0.0,35.0,0.0,7.0,2.0,0.0
374,MD,2020-03-10,0.0,2213.0,0.0,571.0,184.0,31.0
375,ML,2020-03-10,0.0,0.0,0.0,0.0,0.0,0.0
376,MC,2020-03-10,0.0,11.0,0.0,5.0,0.0,0.0
377,NC,2020-03-10,0.0,46.0,0.0,10.0,3.0,0.0
378,PV,2020-03-10,0.0,225.0,0.0,102.0,15.0,6.0
379,RI,2020-03-10,0.0,185.0,0.0,13.0,1.0,2.0
380,AN,2020-03-11,0.0,115.0,0.0,50.0,4.0,0.0
381,AR,2020-03-11,0.0,45.0,0.0,28.0,3.0,6.0
382,AS,2020-03-11,0.0,37.0,0.0,15.0,2.0,0.0
383,IB,2020-03-11,0.0,22.0,0.0,8.0,2.0,1.0
384,CN,2020-03-11,0.0,51.0,0.0,15.0,3.0,0.0
385,CB,2020-03-11,0.0,16.0,0.0,3.0,0.0,0.0
386,CM,2020-03-11,0.0,115.0,0.0,72.0,9.0,1.0
387,CL,2020-03-11,0.0,92.0,0.0,25.0,7.0,0.0
388,CT,2020-03-11,0.0,202.0,0.0,74.0,16.0,6.0
389,CE,2020-03-11,0.0,0.0,0.0,0.0,0.0,0.0
390,VC,2020-03-11,0.0,76.0,0.0,232.0,15.0,1.0
391,EX,2020-03-11,0.0,19.0,0.0,3.0,1.0,1.0
392,GA,2020-03-11,0.0,35.0,0.0,7.0,2.0,0.0
393,MD,2020-03-11,0.0,2943.0,0.0,868.0,238.0,56.0
394,ML,2020-03-11,0.0,0.0,0.0,0.0,0.0,0.0
395,MC,2020-03-11,0.0,26.0,0.0,5.0,1.0,0.0
396,NC,2020-03-11,0.0,73.0,0.0,17.0,3.0,0.0
397,PV,2020-03-11,0.0,346.0,0.0,146.0,18.0,11.0
398,RI,2020-03-11,0.0,220.0,0.0,21.0,1.0,2.0
399,AN,2020-03-12,0.0,219.0,0.0,92.0,8.0,0.0
400,AR,2020-03-12,0.0,64.0,0.0,30.0,3.0,7.0
401,AS,2020-03-12,0.0,40.0,0.0,18.0,2.0,1.0
402,IB,2020-03-12,0.0,28.0,0.0,8.0,2.0,1.0
403,CN,2020-03-12,0.0,70.0,0.0,15.0,3.0,0.0
404,CB,2020-03-12,0.0,29.0,0.0,3.0,0.0,0.0
405,CM,2020-03-12,0.0,194.0,0.0,128.0,10.0,5.0
406,CL,2020-03-12,0.0,169.0,0.0,25.0,8.0,1.0
407,CT,2020-03-12,0.0,349.0,0.0,137.0,22.0,9.0
408,CE,2020-03-12,0.0,0.0,0.0,0.0,0.0,0.0
409,VC,2020-03-12,0.0,94.0,0.0,271.0,22.0,1.0
410,EX,2020-03-12,0.0,39.0,0.0,3.0,1.0,1.0
411,GA,2020-03-12,0.0,85.0,0.0,15.0,6.0,0.0
412,MD,2020-03-12,0.0,3732.0,0.0,1290.0,307.0,81.0
413,ML,2020-03-12,0.0,2.0,0.0,3.0,0.0,0.0
414,MC,2020-03-12,0.0,35.0,0.0,8.0,2.0,0.0
415,NC,2020-03-12,0.0,130.0,0.0,28.0,4.0,0.0
416,PV,2020-03-12,0.0,417.0,0.0,179.0,20.0,14.0
417,RI,2020-03-12,0.0,259.0,0.0,27.0,2.0,3.0
418,AN,2020-03-13,0.0,269.0,0.0,92.0,8.0,2.0
419,AR,2020-03-13,0.0,80.0,0.0,42.0,5.0,7.0
420,AS,2020-03-13,0.0,86.0,0.0,24.0,2.0,2.0
421,IB,2020-03-13,0.0,28.0,0.0,8.0,2.0,1.0
422,CN,2020-03-13,0.0,90.0,0.0,15.0,6.0,1.0
423,CB,2020-03-13,0.0,31.0,0.0,3.0,0.0,0.0
424,CM,2020-03-13,0.0,289.0,0.0,191.0,22.0,6.0
425,CL,2020-03-13,0.0,223.0,0.0,25.0,15.0,3.0
426,CT,2020-03-13,0.0,558.0,0.0,200.0,29.0,13.0
427,CE,2020-03-13,0.0,0.0,0.0,0.0,0.0,0.0
428,VC,2020-03-13,0.0,130.0,0.0,307.0,29.0,4.0
429,EX,2020-03-13,0.0,66.0,0.0,3.0,1.0,2.0
430,GA,2020-03-13,0.0,115.0,0.0,32.0,6.0,0.0
431,MD,2020-03-13,0.0,4672.0,0.0,1699.0,370.0,86.0
432,ML,2020-03-13,0.0,3.0,0.0,3.0,0.0,0.0
433,MC,2020-03-13,0.0,47.0,0.0,8.0,2.0,0.0
434,NC,2020-03-13,0.0,146.0,0.0,28.0,4.0,0.0
435,PV,2020-03-13,0.0,521.0,0.0,179.0,22.0,14.0
436,RI,2020-03-13,0.0,292.0,0.0,38.0,2.0,3.0
437,AN,2020-03-14,0.0,437.0,0.0,92.0,8.0,6.0
438,AR,2020-03-14,0.0,121.0,0.0,59.0,5.0,7.0
439,AS,2020-03-14,0.0,123.0,0.0,28.0,3.0,2.0
440,IB,2020-03-14,0.0,42.0,0.0,8.0,2.0,1.0
441,CN,2020-03-14,0.0,109.0,0.0,15.0,6.0,1.0
442,CB,2020-03-14,0.0,51.0,0.0,3.0,0.0,0.0
443,CM,2020-03-14,0.0,401.0,0.0,247.0,56.0,10.0
444,CL,2020-03-14,0.0,292.0,0.0,45.0,22.0,6.0
445,CT,2020-03-14,0.0,742.0,0.0,287.0,40.0,15.0
446,CE,2020-03-14,0.0,1.0,0.0,0.0,0.0,0.0
447,VC,2020-03-14,0.0,409.0,0.0,339.0,37.0,5.0
448,EX,2020-03-14,0.0,95.0,0.0,7.0,1.0,2.0
449,GA,2020-03-14,0.0,195.0,0.0,32.0,6.0,2.0
450,MD,2020-03-14,0.0,5576.0,0.0,2207.0,469.0,213.0
451,ML,2020-03-14,0.0,8.0,0.0,4.0,0.0,0.0
452,MC,2020-03-14,0.0,71.0,0.0,13.0,2.0,0.0
453,NC,2020-03-14,0.0,183.0,0.0,34.0,4.0,0.0
454,PV,2020-03-14,0.0,630.0,0.0,262.0,29.0,23.0
455,RI,2020-03-14,0.0,300.0,0.0,58.0,7.0,3.0
456,AN,2020-03-15,0.0,554.0,0.0,197.0,11.0,7.0
457,AR,2020-03-15,0.0,147.0,0.0,64.0,7.0,11.0
458,AS,2020-03-15,0.0,160.0,0.0,39.0,3.0,2.0
459,IB,2020-03-15,0.0,73.0,0.0,21.0,4.0,1.0
460,CN,2020-03-15,0.0,119.0,0.0,40.0,9.0,1.0
461,CB,2020-03-15,0.0,58.0,0.0,18.0,2.0,0.0
462,CM,2020-03-15,0.0,567.0,0.0,319.0,78.0,17.0
463,CL,2020-03-15,0.0,334.0,0.0,95.0,29.0,9.0
464,CT,2020-03-15,0.0,1017.0,0.0,375.0,52.0,20.0
465,CE,2020-03-15,0.0,1.0,0.0,0.0,0.0,0.0
466,VC,2020-03-15,0.0,409.0,0.0,390.0,47.0,5.0
467,EX,2020-03-15,0.0,111.0,0.0,9.0,2.0,2.0
468,GA,2020-03-15,0.0,245.0,0.0,49.0,8.0,2.0
469,MD,2020-03-15,0.0,6392.0,0.0,2747.0,566.0,213.0
470,ML,2020-03-15,0.0,8.0,0.0,4.0,0.0,0.0
471,MC,2020-03-15,0.0,77.0,0.0,13.0,2.0,0.0
472,NC,2020-03-15,0.0,274.0,0.0,58.0,5.0,1.0
473,PV,2020-03-15,0.0,630.0,0.0,262.0,29.0,23.0
474,RI,2020-03-15,0.0,312.0,0.0,64.0,13.0,4.0
475,AN,2020-03-16,0.0,683.0,0.0,229.0,13.0,11.0
476,AR,2020-03-16,0.0,207.0,0.0,74.0,9.0,12.0
477,AS,2020-03-16,0.0,224.0,0.0,57.0,6.0,2.0
478,IB,2020-03-16,0.0,92.0,0.0,26.0,4.0,1.0
479,CN,2020-03-16,0.0,148.0,0.0,56.0,13.0,2.0
480,CB,2020-03-16,0.0,58.0,0.0,18.0,2.0,0.0
481,CM,2020-03-16,0.0,567.0,0.0,402.0,95.0,17.0
482,CL,2020-03-16,0.0,431.0,0.0,95.0,36.0,12.0
483,CT,2020-03-16,0.0,1414.0,0.0,525.0,73.0,23.0
484,CE,2020-03-16,0.0,1.0,0.0,0.0,0.0,0.0
485,VC,2020-03-16,0.0,541.0,0.0,456.0,52.0,13.0
486,EX,2020-03-16,0.0,153.0,0.0,13.0,5.0,3.0
487,GA,2020-03-16,0.0,292.0,0.0,49.0,12.0,3.0
488,MD,2020-03-16,0.0,7653.0,0.0,3314.0,702.0,355.0
489,ML,2020-03-16,0.0,17.0,0.0,4.0,0.0,0.0
490,MC,2020-03-16,0.0,97.0,0.0,18.0,3.0,0.0
491,NC,2020-03-16,0.0,313.0,0.0,72.0,10.0,2.0
492,PV,2020-03-16,0.0,765.0,0.0,309.0,33.0,36.0
493,RI,2020-03-16,0.0,355.0,0.0,82.0,13.0,5.0
494,AN,2020-03-17,0.0,859.0,0.0,319.0,21.0,19.0
495,AR,2020-03-17,0.0,226.0,0.0,81.0,9.0,13.0
496,AS,2020-03-17,0.0,269.0,0.0,78.0,9.0,2.0
497,IB,2020-03-17,0.0,112.0,0.0,29.0,4.0,1.0
498,CN,2020-03-17,0.0,181.0,0.0,73.0,17.0,3.0
499,CB,2020-03-17,0.0,68.0,0.0,25.0,3.0,1.0
500,CM,2020-03-17,0.0,675.0,0.0,498.0,123.0,28.0
501,CL,2020-03-17,0.0,668.0,0.0,281.0,50.0,22.0
502,CT,2020-03-17,0.0,1866.0,0.0,679.0,101.0,33.0
503,CE,2020-03-17,0.0,1.0,0.0,0.0,0.0,0.0
504,VC,2020-03-17,0.0,726.0,0.0,530.0,65.0,22.0
505,EX,2020-03-17,0.0,194.0,0.0,22.0,6.0,6.0
506,GA,2020-03-17,0.0,341.0,0.0,63.0,17.0,3.0
507,MD,2020-03-17,0.0,9601.0,0.0,3934.0,850.0,390.0
508,ML,2020-03-17,0.0,20.0,0.0,4.0,0.0,0.0
509,MC,2020-03-17,0.0,122.0,0.0,22.0,4.0,0.0
510,NC,2020-03-17,0.0,386.0,0.0,93.0,10.0,3.0
511,PV,2020-03-17,0.0,973.0,0.0,353.0,37.0,40.0
512,RI,2020-03-17,0.0,419.0,0.0,99.0,13.0,5.0
513,AN,2020-03-18,0.0,1008.0,0.0,384.0,25.0,23.0
514,AR,2020-03-18,0.0,281.0,0.0,101.0,14.0,15.0
515,AS,2020-03-18,0.0,310.0,0.0,105.0,11.0,2.0
516,IB,2020-03-18,0.0,169.0,0.0,31.0,7.0,2.0
517,CN,2020-03-18,0.0,220.0,0.0,82.0,23.0,3.0
518,CB,2020-03-18,0.0,83.0,0.0,40.0,4.0,1.0
519,CM,2020-03-18,0.0,801.0,0.0,633.0,161.0,42.0
520,CL,2020-03-18,0.0,868.0,0.0,362.0,63.0,29.0
521,CT,2020-03-18,0.0,2702.0,0.0,825.0,118.0,53.0
522,CE,2020-03-18,0.0,1.0,0.0,0.0,0.0,0.0
523,VC,2020-03-18,0.0,921.0,0.0,647.0,85.0,24.0
524,EX,2020-03-18,0.0,241.0,0.0,33.0,9.0,8.0
525,GA,2020-03-18,0.0,453.0,0.0,100.0,24.0,4.0
526,MD,2020-03-18,0.0,11356.0,0.0,4874.0,1011.0,498.0
527,ML,2020-03-18,0.0,23.0,0.0,4.0,0.0,0.0
528,MC,2020-03-18,0.0,167.0,0.0,36.0,6.0,0.0
529,NC,2020-03-18,0.0,482.0,0.0,132.0,11.0,4.0
530,PV,2020-03-18,0.0,1190.0,0.0,455.0,44.0,53.0
531,RI,2020-03-18,0.0,468.0,0.0,121.0,15.0,5.0
532,AN,2020-03-19,0.0,1287.0,0.0,501.0,38.0,30.0
533,AR,2020-03-19,0.0,360.0,0.0,127.0,28.0,17.0
534,AS,2020-03-19,0.0,429.0,0.0,129.0,13.0,4.0
535,IB,2020-03-19,0.0,203.0,0.0,48.0,10.0,2.0
536,CN,2020-03-19,0.0,287.0,0.0,115.0,25.0,4.0
537,CB,2020-03-19,0.0,144.0,0.0,61.0,7.0,1.0
538,CM,2020-03-19,0.0,1044.0,0.0,751.0,180.0,42.0
539,CL,2020-03-19,0.0,1147.0,0.0,476.0,75.0,43.0
540,CT,2020-03-19,0.0,3270.0,0.0,994.0,175.0,93.0
541,CE,2020-03-19,0.0,5.0,0.0,0.0,0.0,0.0
542,VC,2020-03-19,0.0,1105.0,0.0,777.0,101.0,33.0
543,EX,2020-03-19,0.0,297.0,0.0,50.0,12.0,10.0
544,GA,2020-03-19,0.0,578.0,0.0,138.0,34.0,5.0
545,MD,2020-03-19,0.0,13399.0,0.0,6189.0,1196.0,628.0
546,ML,2020-03-19,0.0,24.0,0.0,5.0,1.0,0.0
547,MC,2020-03-19,0.0,204.0,0.0,47.0,11.0,0.0
548,NC,2020-03-19,0.0,554.0,0.0,172.0,19.0,5.0
549,PV,2020-03-19,0.0,1465.0,0.0,550.0,53.0,71.0
550,RI,2020-03-19,0.0,497.0,0.0,122.0,15.0,7.0
551,AN,2020-03-20,0.0,1515.0,0.0,605.0,53.0,40.0
552,AR,2020-03-20,0.0,424.0,0.0,192.0,33.0,22.0
553,AS,2020-03-20,0.0,524.0,0.0,155.0,18.0,7.0
554,IB,2020-03-20,0.0,246.0,0.0,60.0,14.0,4.0
555,CN,2020-03-20,0.0,348.0,0.0,139.0,29.0,7.0
556,CB,2020-03-20,0.0,215.0,0.0,92.0,9.0,2.0
557,CM,2020-03-20,0.0,1423.0,0.0,998.0,208.0,84.0
558,CL,2020-03-20,0.0,1466.0,0.0,629.0,96.0,55.0
559,CT,2020-03-20,0.0,4203.0,0.0,1681.0,271.0,143.0
560,CE,2020-03-20,0.0,5.0,0.0,0.0,0.0,0.0
561,VC,2020-03-20,0.0,1363.0,0.0,947.0,129.0,50.0
562,EX,2020-03-20,0.0,354.0,0.0,67.0,13.0,12.0
563,GA,2020-03-20,0.0,739.0,0.0,168.0,40.0,9.0
564,MD,2020-03-20,0.0,15722.0,0.0,7535.0,1401.0,804.0
565,ML,2020-03-20,0.0,25.0,0.0,8.0,1.0,0.0
566,MC,2020-03-20,0.0,240.0,0.0,61.0,14.0,1.0
567,NC,2020-03-20,0.0,664.0,0.0,222.0,25.0,9.0
568,PV,2020-03-20,0.0,1725.0,0.0,654.0,71.0,85.0
569,RI,2020-03-20,0.0,564.0,0.0,128.0,17.0,15.0
570,AN,2020-03-21,0.0,1725.0,0.0,724.0,55.0,47.0
571,AR,2020-03-21,0.0,532.0,0.0,241.0,45.0,24.0
572,AS,2020-03-21,0.0,569.0,0.0,180.0,22.0,12.0
573,IB,2020-03-21,0.0,331.0,0.0,79.0,14.0,4.0
574,CN,2020-03-21,0.0,414.0,0.0,150.0,32.0,9.0
575,CB,2020-03-21,0.0,282.0,0.0,116.0,9.0,5.0
576,CM,2020-03-21,0.0,1819.0,0.0,1126.0,249.0,112.0
577,CL,2020-03-21,0.0,1744.0,0.0,798.0,111.0,74.0
578,CT,2020-03-21,0.0,5046.0,0.0,1917.0,290.0,182.0
579,CE,2020-03-21,0.0,5.0,0.0,0.0,0.0,0.0
580,VC,2020-03-21,0.0,1604.0,0.0,1136.0,152.0,69.0
581,EX,2020-03-21,0.0,384.0,0.0,97.0,24.0,14.0
582,GA,2020-03-21,0.0,915.0,0.0,227.0,50.0,12.0
583,MD,2020-03-21,0.0,17397.0,0.0,9063.0,1532.0,1021.0
584,ML,2020-03-21,0.0,25.0,0.0,12.0,1.0,0.0
585,MC,2020-03-21,0.0,296.0,0.0,78.0,16.0,1.0
586,NC,2020-03-21,0.0,794.0,0.0,288.0,30.0,14.0
587,PV,2020-03-21,0.0,2097.0,0.0,988.0,81.0,97.0
588,RI,2020-03-21,0.0,654.0,0.0,134.0,17.0,18.0
589,AN,2020-03-22,0.0,1961.0,0.0,865.0,77.0,58.0
590,AR,2020-03-22,0.0,638.0,0.0,298.0,52.0,32.0
591,AS,2020-03-22,0.0,621.0,0.0,210.0,25.0,22.0
592,IB,2020-03-22,0.0,400.0,0.0,87.0,27.0,10.0
593,CN,2020-03-22,0.0,481.0,0.0,172.0,32.0,11.0
594,CB,2020-03-22,0.0,347.0,0.0,157.0,14.0,6.0
595,CM,2020-03-22,0.0,2078.0,0.0,1410.0,266.0,145.0
596,CL,2020-03-22,0.0,2055.0,0.0,977.0,130.0,102.0
597,CT,2020-03-22,0.0,5747.0,0.0,2158.0,308.0,199.0
598,CE,2020-03-22,0.0,6.0,0.0,0.0,0.0,0.0
599,VC,2020-03-22,0.0,1901.0,0.0,1311.0,181.0,94.0
600,EX,2020-03-22,0.0,493.0,0.0,105.0,33.0,18.0
601,GA,2020-03-22,0.0,1208.0,0.0,270.0,62.0,18.0
602,MD,2020-03-22,0.0,18900.0,0.0,10771.0,1664.0,1263.0
603,ML,2020-03-22,0.0,28.0,0.0,12.0,1.0,0.0
604,MC,2020-03-22,0.0,345.0,0.0,80.0,23.0,2.0
605,NC,2020-03-22,0.0,886.0,0.0,339.0,40.0,24.0
606,PV,2020-03-22,0.0,2421.0,0.0,1252.0,92.0,120.0
607,RI,2020-03-22,0.0,747.0,0.0,166.0,22.0,22.0
608,AN,2020-03-23,0.0,2470.0,0.0,1132.0,102.0,87.0
609,AR,2020-03-23,0.0,758.0,0.0,384.0,66.0,37.0
610,AS,2020-03-23,0.0,754.0,0.0,251.0,29.0,26.0
611,IB,2020-03-23,0.0,478.0,0.0,127.0,35.0,10.0
612,CN,2020-03-23,0.0,557.0,0.0,207.0,36.0,16.0
613,CB,2020-03-23,0.0,425.0,0.0,200.0,16.0,9.0
614,CM,2020-03-23,0.0,2465.0,0.0,1751.0,306.0,216.0
615,CL,2020-03-23,0.0,2460.0,0.0,1197.0,151.0,124.0
616,CT,2020-03-23,0.0,7864.0,0.0,3209.0,471.0,293.0
617,CE,2020-03-23,0.0,6.0,0.0,0.0,0.0,0.0
618,VC,2020-03-23,0.0,2167.0,0.0,1562.0,222.0,115.0
619,EX,2020-03-23,0.0,636.0,0.0,113.0,40.0,26.0
620,GA,2020-03-23,0.0,1415.0,0.0,338.0,78.0,20.0
621,MD,2020-03-23,0.0,21569.0,0.0,12053.0,1813.0,1535.0
622,ML,2020-03-23,0.0,28.0,0.0,12.0,1.0,0.0
623,MC,2020-03-23,0.0,385.0,0.0,99.0,26.0,3.0
624,NC,2020-03-23,0.0,1014.0,0.0,405.0,45.0,31.0
625,PV,2020-03-23,0.0,2728.0,0.0,1425.0,106.0,133.0
626,RI,2020-03-23,0.0,802.0,0.0,206.0,24.0,30.0
627,AN,2020-03-24,0.0,3008.0,0.0,1433.0,116.0,113.0
628,AR,2020-03-24,0.0,907.0,0.0,459.0,75.0,40.0
629,AS,2020-03-24,0.0,812.0,0.0,281.0,39.0,29.0
630,IB,2020-03-24,0.0,562.0,0.0,164.0,40.0,13.0
631,CN,2020-03-24,0.0,657.0,0.0,235.0,43.0,21.0
632,CB,2020-03-24,0.0,510.0,0.0,241.0,18.0,14.0
633,CM,2020-03-24,0.0,2780.0,0.0,1980.0,334.0,263.0
634,CL,2020-03-24,0.0,2940.0,0.0,1457.0,179.0,165.0
635,CT,2020-03-24,0.0,9937.0,0.0,4349.0,713.0,385.0
636,CE,2020-03-24,0.0,9.0,0.0,2.0,1.0,0.0
637,VC,2020-03-24,0.0,2616.0,0.0,1842.0,255.0,143.0
638,EX,2020-03-24,0.0,742.0,0.0,217.0,48.0,39.0
639,GA,2020-03-24,0.0,1653.0,0.0,412.0,100.0,27.0
640,MD,2020-03-24,0.0,24475.0,0.0,13297.0,1962.0,1825.0
641,ML,2020-03-24,0.0,38.0,0.0,14.0,2.0,0.0
642,MC,2020-03-24,0.0,477.0,0.0,127.0,33.0,5.0
643,NC,2020-03-24,0.0,1197.0,0.0,506.0,51.0,33.0
644,PV,2020-03-24,0.0,3271.0,0.0,1577.0,119.0,155.0
645,RI,2020-03-24,0.0,928.0,0.0,254.0,33.0,37.0
646,AN,2020-03-25,0.0,3404.0,0.0,1626.0,134.0,134.0
647,AR,2020-03-25,0.0,1116.0,0.0,562.0,93.0,48.0
648,AS,2020-03-25,0.0,891.0,0.0,322.0,48.0,29.0
649,IB,2020-03-25,0.0,660.0,0.0,205.0,43.0,17.0
650,CN,2020-03-25,0.0,784.0,0.0,279.0,45.0,24.0
651,CB,2020-03-25,0.0,671.0,0.0,300.0,26.0,17.0
652,CM,2020-03-25,0.0,3383.0,0.0,2266.0,351.0,316.0
653,CL,2020-03-25,0.0,3488.0,0.0,1823.0,198.0,206.0
654,CT,2020-03-25,0.0,11592.0,0.0,5371.0,764.0,501.0
655,CE,2020-03-25,0.0,10.0,0.0,2.0,2.0,0.0
656,VC,2020-03-25,0.0,3200.0,0.0,2097.0,289.0,167.0
657,EX,2020-03-25,0.0,969.0,0.0,291.0,52.0,58.0
658,GA,2020-03-25,0.0,1915.0,0.0,503.0,107.0,32.0
659,MD,2020-03-25,0.0,27422.0,0.0,15024.0,2117.0,2090.0
660,ML,2020-03-25,0.0,39.0,0.0,16.0,2.0,1.0
661,MC,2020-03-25,0.0,596.0,0.0,172.0,36.0,8.0
662,NC,2020-03-25,0.0,1411.0,0.0,649.0,54.0,49.0
663,PV,2020-03-25,0.0,3946.0,0.0,1907.0,137.0,180.0
664,RI,2020-03-25,0.0,995.0,0.0,316.0,36.0,43.0
665,AN,2020-03-26,0.0,3790.0,0.0,1843.0,148.0,144.0
666,AR,2020-03-26,0.0,1338.0,0.0,693.0,114.0,58.0
667,AS,2020-03-26,0.0,960.0,0.0,370.0,56.0,39.0
668,IB,2020-03-26,0.0,755.0,0.0,237.0,46.0,22.0
669,CN,2020-03-26,0.0,878.0,0.0,328.0,61.0,27.0
670,CB,2020-03-26,0.0,810.0,0.0,355.0,29.0,21.0
671,CM,2020-03-26,0.0,3934.0,0.0,2673.0,367.0,367.0
672,CL,2020-03-26,0.0,4132.0,0.0,2214.0,215.0,252.0
673,CT,2020-03-26,0.0,12940.0,0.0,6714.0,972.0,685.0
674,CE,2020-03-26,0.0,17.0,0.0,2.0,2.0,0.0
675,VC,2020-03-26,0.0,3532.0,0.0,2357.0,325.0,198.0
676,EX,2020-03-26,0.0,1231.0,0.0,344.0,54.0,69.0
677,GA,2020-03-26,0.0,2322.0,0.0,557.0,122.0,43.0
678,MD,2020-03-26,0.0,30796.0,0.0,17093.0,2272.0,2412.0
679,ML,2020-03-26,0.0,42.0,0.0,18.0,2.0,1.0
680,MC,2020-03-26,0.0,714.0,0.0,209.0,53.0,15.0
681,NC,2020-03-26,0.0,1641.0,0.0,732.0,75.0,58.0
682,PV,2020-03-26,0.0,4601.0,0.0,2270.0,154.0,207.0
683,RI,2020-03-26,0.0,1236.0,0.0,388.0,43.0,55.0
684,AN,2020-03-27,0.0,4271.0,0.0,2106.0,172.0,175.0
685,AR,2020-03-27,0.0,1592.0,0.0,835.0,124.0,93.0
686,AS,2020-03-27,0.0,1037.0,0.0,427.0,59.0,44.0
687,IB,2020-03-27,0.0,862.0,0.0,283.0,59.0,26.0
688,CN,2020-03-27,0.0,1025.0,0.0,377.0,68.0,36.0
689,CB,2020-03-27,0.0,937.0,0.0,406.0,37.0,22.0
690,CM,2020-03-27,0.0,4512.0,0.0,3106.0,383.0,448.0
691,CL,2020-03-27,0.0,4791.0,0.0,2648.0,238.0,321.0
692,CT,2020-03-27,0.0,14263.0,0.0,7954.0,1036.0,827.0
693,CE,2020-03-27,0.0,17.0,0.0,2.0,2.0,1.0
694,VC,2020-03-27,0.0,4034.0,0.0,2606.0,348.0,234.0
695,EX,2020-03-27,0.0,1394.0,0.0,406.0,58.0,88.0
696,GA,2020-03-27,0.0,2772.0,0.0,906.0,141.0,47.0
697,MD,2020-03-27,0.0,33162.0,0.0,19098.0,2369.0,2757.0
698,ML,2020-03-27,0.0,45.0,0.0,22.0,2.0,1.0
699,MC,2020-03-27,0.0,802.0,0.0,231.0,58.0,17.0
700,NC,2020-03-27,0.0,1829.0,0.0,827.0,84.0,70.0
701,PV,2020-03-27,0.0,5136.0,0.0,2612.0,176.0,241.0
702,RI,2020-03-27,0.0,1436.0,0.0,458.0,43.0,65.0
703,AN,2020-03-28,0.0,4676.0,0.0,2294.0,201.0,207.0
704,AR,2020-03-28,0.0,1858.0,0.0,835.0,145.0,104.0
705,AS,2020-03-28,0.0,1143.0,0.0,452.0,63.0,47.0
706,IB,2020-03-28,0.0,958.0,0.0,344.0,71.0,29.0
707,CN,2020-03-28,0.0,1125.0,0.0,425.0,78.0,39.0
708,CB,2020-03-28,0.0,1023.0,0.0,449.0,40.0,26.0
709,CM,2020-03-28,0.0,5246.0,0.0,3430.0,393.0,539.0
710,CL,2020-03-28,0.0,5414.0,0.0,3160.0,261.0,380.0
711,CT,2020-03-28,0.0,15025.0,0.0,8447.0,1080.0,904.0
712,CE,2020-03-28,0.0,21.0,0.0,2.0,2.0,1.0
713,VC,2020-03-28,0.0,4784.0,0.0,2773.0,375.0,267.0
714,EX,2020-03-28,0.0,1456.0,0.0,467.0,67.0,100.0
715,GA,2020-03-28,0.0,3139.0,0.0,1043.0,159.0,60.0
716,MD,2020-03-28,0.0,34189.0,0.0,21311.0,2423.0,3082.0
717,ML,2020-03-28,0.0,48.0,0.0,24.0,2.0,1.0
718,MC,2020-03-28,0.0,872.0,0.0,260.0,58.0,20.0
719,NC,2020-03-28,0.0,2011.0,0.0,896.0,90.0,84.0
720,PV,2020-03-28,0.0,5740.0,0.0,3106.0,271.0,265.0
721,RI,2020-03-28,0.0,1629.0,0.0,497.0,43.0,68.0
722,AN,2020-03-29,0.0,5398.0,0.0,2671.0,216.0,236.0
723,AR,2020-03-29,0.0,2078.0,0.0,1094.0,148.0,106.0
724,AS,2020-03-29,0.0,1206.0,0.0,491.0,67.0,59.0
725,IB,2020-03-29,0.0,1000.0,0.0,352.0,80.0,37.0
726,CN,2020-03-29,0.0,1204.0,0.0,444.0,84.0,40.0
727,CB,2020-03-29,0.0,1100.0,0.0,481.0,46.0,27.0
728,CM,2020-03-29,0.0,5858.0,0.0,3698.0,403.0,622.0
729,CL,2020-03-29,0.0,5801.0,0.0,3411.0,272.0,442.0
730,CT,2020-03-29,0.0,16104.0,0.0,9126.0,1150.0,983.0
731,CE,2020-03-29,0.0,25.0,0.0,2.0,2.0,1.0
732,VC,2020-03-29,0.0,5110.0,0.0,2914.0,393.0,310.0
733,EX,2020-03-29,0.0,1560.0,0.0,505.0,71.0,106.0
734,GA,2020-03-29,0.0,3723.0,0.0,1147.0,176.0,66.0
735,MD,2020-03-29,0.0,35061.0,0.0,23125.0,2464.0,3392.0
736,ML,2020-03-29,0.0,51.0,0.0,27.0,3.0,1.0
737,MC,2020-03-29,0.0,939.0,0.0,265.0,58.0,25.0
738,NC,2020-03-29,0.0,2146.0,0.0,955.0,96.0,102.0
739,PV,2020-03-29,0.0,6057.0,0.0,3427.0,293.0,297.0
740,RI,2020-03-29,0.0,1733.0,0.0,517.0,43.0,71.0
741,AN,2020-03-30,0.0,5809.0,0.0,2867.0,235.0,248.0
742,AR,2020-03-30,0.0,2272.0,0.0,1176.0,157.0,138.0
743,AS,2020-03-30,0.0,1295.0,0.0,529.0,71.0,66.0
744,IB,2020-03-30,0.0,1069.0,0.0,398.0,85.0,42.0
745,CN,2020-03-30,0.0,1262.0,0.0,483.0,94.0,55.0
746,CB,2020-03-30,0.0,1171.0,0.0,522.0,50.0,37.0
747,CM,2020-03-30,0.0,6424.0,0.0,4187.0,408.0,708.0
748,CL,2020-03-30,0.0,6211.0,0.0,3629.0,294.0,516.0
749,CT,2020-03-30,0.0,18520.0,0.0,9925.0,1218.0,1216.0
750,CE,2020-03-30,0.0,34.0,0.0,3.0,3.0,1.0
751,VC,2020-03-30,0.0,5508.0,0.0,3111.0,416.0,339.0
752,EX,2020-03-30,0.0,1628.0,0.0,561.0,77.0,133.0
753,GA,2020-03-30,0.0,4039.0,0.0,1250.0,189.0,84.0
754,MD,2020-03-30,0.0,37607.0,0.0,23913.0,2554.0,3603.0
755,ML,2020-03-30,0.0,54.0,0.0,27.0,3.0,1.0
756,MC,2020-03-30,0.0,974.0,0.0,283.0,59.0,34.0
757,NC,2020-03-30,0.0,2305.0,0.0,1035.0,99.0,113.0
758,PV,2020-03-30,0.0,6320.0,0.0,3594.0,307.0,325.0
759,RI,2020-03-30,0.0,1810.0,0.0,575.0,51.0,85.0
760,AN,2020-03-31,0.0,6379.0,0.0,3147.0,260.0,308.0
761,AR,2020-03-31,0.0,2491.0,0.0,1234.0,160.0,169.0
762,AS,2020-03-31,0.0,1367.0,0.0,554.0,79.0,75.0
763,IB,2020-03-31,0.0,1131.0,0.0,467.0,94.0,46.0
764,CN,2020-03-31,0.0,1380.0,0.0,532.0,110.0,62.0
765,CB,2020-03-31,0.0,1213.0,0.0,543.0,54.0,54.0
766,CM,2020-03-31,0.0,7047.0,0.0,4590.0,417.0,774.0
767,CL,2020-03-31,0.0,6847.0,0.0,3951.0,318.0,585.0
768,CT,2020-03-31,0.0,19991.0,0.0,11446.0,1345.0,1458.0
769,CE,2020-03-31,0.0,51.0,0.0,6.0,3.0,1.0
770,VC,2020-03-31,0.0,5922.0,0.0,3253.0,434.0,395.0
771,EX,2020-03-31,0.0,1679.0,0.0,600.0,82.0,152.0
772,GA,2020-03-31,0.0,4432.0,0.0,1338.0,203.0,103.0
773,MD,2020-03-31,0.0,39409.0,0.0,24553.0,2627.0,3865.0
774,ML,2020-03-31,0.0,62.0,0.0,32.0,3.0,1.0
775,MC,2020-03-31,0.0,1041.0,0.0,304.0,59.0,37.0
776,NC,2020-03-31,0.0,2497.0,0.0,1120.0,104.0,130.0
777,PV,2020-03-31,0.0,6838.0,0.0,3806.0,324.0,369.0
778,RI,2020-03-31,0.0,1960.0,0.0,619.0,54.0,90.0
779,AN,2020-04-01,0.0,6957.0,0.0,3444.0,280.0,343.0
780,AR,2020-04-01,0.0,2700.0,0.0,1320.0,170.0,200.0
781,AS,2020-04-01,0.0,1435.0,0.0,602.0,84.0,76.0
782,IB,2020-04-01,0.0,1204.0,0.0,516.0,104.0,58.0
783,CN,2020-04-01,0.0,1444.0,0.0,566.0,113.0,68.0
784,CB,2020-04-01,0.0,1268.0,0.0,567.0,57.0,60.0
785,CM,2020-04-01,0.0,7682.0,0.0,4982.0,424.0,854.0
786,CL,2020-04-01,0.0,7355.0,0.0,4207.0,332.0,641.0
787,CT,2020-04-01,0.0,21804.0,0.0,12398.0,1415.0,1629.0
788,CE,2020-04-01,0.0,55.0,0.0,7.0,3.0,1.0
789,VC,2020-04-01,0.0,6308.0,0.0,3389.0,449.0,443.0
790,EX,2020-04-01,0.0,1837.0,0.0,649.0,83.0,181.0
791,GA,2020-04-01,0.0,4842.0,0.0,1447.0,212.0,120.0
792,MD,2020-04-01,0.0,41199.0,0.0,26112.0,2694.0,4175.0
793,ML,2020-04-01,0.0,62.0,0.0,32.0,3.0,1.0
794,MC,2020-04-01,0.0,1084.0,0.0,389.0,68.0,42.0
795,NC,2020-04-01,0.0,2682.0,0.0,1181.0,108.0,141.0
796,PV,2020-04-01,0.0,7317.0,0.0,4087.0,344.0,412.0
797,RI,2020-04-01,0.0,2083.0,0.0,660.0,57.0,101.0
798,AN,2020-04-02,0.0,7353.0,0.0,3673.0,338.0,376.0
799,AR,2020-04-02,0.0,2889.0,0.0,1431.0,172.0,224.0
800,AS,2020-04-02,0.0,1504.0,0.0,634.0,88.0,80.0
801,IB,2020-04-02,0.0,1257.0,0.0,586.0,111.0,69.0
802,CN,2020-04-02,0.0,1490.0,0.0,605.0,120.0,73.0
803,CB,2020-04-02,0.0,1321.0,0.0,592.0,59.0,64.0
804,CM,2020-04-02,0.0,8523.0,0.0,5306.0,431.0,916.0
805,CL,2020-04-02,0.0,7875.0,0.0,4472.0,342.0,723.0
806,CT,2020-04-02,0.0,23460.0,0.0,13101.0,1482.0,1784.0
807,CE,2020-04-02,0.0,62.0,0.0,8.0,3.0,1.0
808,VC,2020-04-02,0.0,6624.0,0.0,3492.0,460.0,511.0
809,EX,2020-04-02,0.0,1893.0,0.0,706.0,85.0,200.0
810,GA,2020-04-02,0.0,5219.0,0.0,1630.0,219.0,138.0
811,MD,2020-04-02,0.0,43038.0,0.0,27325.0,2764.0,4483.0
812,ML,2020-04-02,0.0,70.0,0.0,34.0,3.0,2.0
813,MC,2020-04-02,0.0,1145.0,0.0,405.0,72.0,46.0
814,NC,2020-04-02,0.0,2836.0,0.0,1284.0,119.0,151.0
815,PV,2020-04-02,0.0,7827.0,0.0,4283.0,363.0,444.0
816,RI,2020-04-02,0.0,2224.0,0.0,738.0,64.0,109.0
817,AN,2020-04-03,0.0,7847.0,0.0,3896.0,364.0,426.0
818,AR,2020-04-03,0.0,3078.0,0.0,1505.0,182.0,251.0
819,AS,2020-04-03,0.0,1573.0,12.0,657.0,91.0,83.0
820,IB,2020-04-03,0.0,1271.0,0.0,633.0,113.0,71.0
821,CN,2020-04-03,0.0,1564.0,0.0,632.0,128.0,78.0
822,CB,2020-04-03,0.0,1384.0,0.0,619.0,60.0,68.0
823,CM,2020-04-03,0.0,9324.0,0.0,5556.0,437.0,989.0
824,CL,2020-04-03,0.0,8332.0,0.0,4685.0,351.0,786.0
825,CT,2020-04-03,0.0,24734.0,0.0,14251.0,1569.0,1928.0
826,CE,2020-04-03,0.0,73.0,0.0,8.0,4.0,1.0
827,VC,2020-04-03,0.0,6901.0,0.0,3560.0,470.0,571.0
828,EX,2020-04-03,0.0,1979.0,0.0,747.0,88.0,208.0
829,GA,2020-04-03,0.0,5625.0,0.0,1767.0,229.0,159.0
830,MD,2020-04-03,0.0,44779.0,0.0,28420.0,2821.0,4723.0
831,ML,2020-04-03,0.0,79.0,0.0,37.0,3.0,2.0
832,MC,2020-04-03,0.0,1188.0,0.0,434.0,79.0,51.0
833,NC,2020-04-03,0.0,2972.0,0.0,1341.0,120.0,171.0
834,PV,2020-04-03,0.0,8187.0,0.0,4522.0,377.0,477.0
835,RI,2020-04-03,0.0,2405.0,0.0,805.0,64.0,128.0
836,AN,2020-04-04,0.0,8279.0,0.0,4107.0,474.0,470.0
837,AR,2020-04-04,0.0,3232.0,0.0,1588.0,182.0,270.0
838,AS,2020-04-04,0.0,1627.0,13.0,674.0,93.0,87.0
839,IB,2020-04-04,0.0,1293.0,0.0,663.0,119.0,75.0
840,CN,2020-04-04,0.0,1622.0,0.0,644.0,129.0,80.0
841,CB,2020-04-04,0.0,1441.0,0.0,639.0,62.0,68.0
842,CM,2020-04-04,0.0,10031.0,0.0,5774.0,441.0,1055.0
843,CL,2020-04-04,0.0,8749.0,0.0,4905.0,361.0,847.0
844,CT,2020-04-04,0.0,26032.0,0.0,14798.0,1653.0,2053.0
845,CE,2020-04-04,0.0,83.0,0.0,9.0,4.0,2.0
846,VC,2020-04-04,0.0,7184.0,0.0,3620.0,478.0,613.0
847,EX,2020-04-04,0.0,2047.0,0.0,768.0,91.0,218.0
848,GA,2020-04-04,0.0,5944.0,0.0,1831.0,237.0,174.0
849,MD,2020-04-04,0.0,45671.0,0.0,29542.0,2854.0,4941.0
850,ML,2020-04-04,0.0,83.0,0.0,38.0,3.0,2.0
851,MC,2020-04-04,0.0,1235.0,0.0,447.0,80.0,59.0
852,NC,2020-04-04,0.0,3073.0,0.0,1399.0,123.0,178.0
853,PV,2020-04-04,0.0,8628.0,0.0,4666.0,404.0,515.0
854,RI,2020-04-04,0.0,2592.0,0.0,855.0,66.0,134.0
855,AN,2020-04-05,0.0,8559.0,0.0,4227.0,489.0,491.0
856,AR,2020-04-05,0.0,3347.0,0.0,1637.0,186.0,284.0
857,AS,2020-04-05,0.0,1681.0,14.0,695.0,94.0,93.0
858,IB,2020-04-05,0.0,1320.0,0.0,681.0,120.0,81.0
859,CN,2020-04-05,0.0,1649.0,0.0,651.0,133.0,85.0
860,CB,2020-04-05,0.0,1483.0,0.0,658.0,65.0,77.0
861,CM,2020-04-05,0.0,10602.0,0.0,5967.0,445.0,1132.0
862,CL,2020-04-05,0.0,9116.0,0.0,5041.0,368.0,919.0
863,CT,2020-04-05,0.0,26824.0,0.0,15258.0,1685.0,2167.0
864,CE,2020-04-05,0.0,83.0,0.0,9.0,4.0,3.0
865,VC,2020-04-05,0.0,7334.0,0.0,3668.0,487.0,637.0
866,EX,2020-04-05,0.0,2068.0,0.0,808.0,93.0,228.0
867,GA,2020-04-05,0.0,6151.0,0.0,1916.0,245.0,190.0
868,MD,2020-04-05,0.0,46197.0,0.0,30490.0,2879.0,5136.0
869,ML,2020-04-05,0.0,86.0,0.0,38.0,3.0,2.0
870,MC,2020-04-05,0.0,1259.0,0.0,468.0,81.0,68.0
871,NC,2020-04-05,0.0,3231.0,0.0,1432.0,124.0,187.0
872,PV,2020-04-05,0.0,8810.0,0.0,4794.0,410.0,548.0
873,RI,2020-04-05,0.0,2719.0,0.0,888.0,66.0,141.0
874,AN,2020-04-06,0.0,8743.0,0.0,4335.0,499.0,528.0
875,AR,2020-04-06,0.0,3449.0,0.0,1663.0,196.0,312.0
876,AS,2020-04-06,0.0,1702.0,16.0,727.0,96.0,101.0
877,IB,2020-04-06,0.0,1369.0,0.0,703.0,123.0,84.0
878,CN,2020-04-06,0.0,1725.0,0.0,689.0,137.0,89.0
879,CB,2020-04-06,0.0,1501.0,0.0,677.0,66.0,85.0
880,CM,2020-04-06,0.0,11077.0,0.0,6203.0,451.0,1177.0
881,CL,2020-04-06,0.0,9581.0,0.0,5180.0,375.0,982.0
882,CT,2020-04-06,0.0,28323.0,0.0,15643.0,1740.0,2329.0
883,CE,2020-04-06,0.0,83.0,0.0,9.0,4.0,4.0
884,VC,2020-04-06,0.0,7443.0,0.0,3698.0,492.0,672.0
885,EX,2020-04-06,0.0,2116.0,0.0,817.0,96.0,258.0
886,GA,2020-04-06,0.0,6331.0,0.0,1968.0,253.0,204.0
887,MD,2020-04-06,0.0,47763.0,0.0,31109.0,2958.0,5371.0
888,ML,2020-04-06,0.0,92.0,0.0,40.0,3.0,2.0
889,MC,2020-04-06,0.0,1259.0,4.0,500.0,84.0,78.0
890,NC,2020-04-06,0.0,3355.0,0.0,1488.0,124.0,202.0
891,PV,2020-04-06,0.0,8974.0,47.0,4856.0,417.0,586.0
892,RI,2020-04-06,0.0,2846.0,0.0,918.0,66.0,160.0
893,AN,2020-04-07,0.0,8973.0,0.0,4463.0,520.0,605.0
894,AR,2020-04-07,0.0,3549.0,0.0,1716.0,204.0,349.0
895,AS,2020-04-07,0.0,1729.0,22.0,747.0,97.0,107.0
896,IB,2020-04-07,0.0,1412.0,0.0,729.0,128.0,89.0
897,CN,2020-04-07,0.0,1762.0,0.0,703.0,138.0,91.0
898,CB,2020-04-07,0.0,1572.0,0.0,700.0,69.0,92.0
899,CM,2020-04-07,0.0,11788.0,0.0,6449.0,454.0,1255.0
900,CL,2020-04-07,0.0,10058.0,0.0,5322.0,386.0,1028.0
901,CT,2020-04-07,0.0,29647.0,0.0,16235.0,1829.0,2462.0
902,CE,2020-04-07,0.0,84.0,0.0,9.0,4.0,4.0
903,VC,2020-04-07,0.0,7655.0,0.0,3713.0,496.0,724.0
904,EX,2020-04-07,0.0,2184.0,0.0,852.0,98.0,271.0
905,GA,2020-04-07,0.0,6538.0,0.0,2014.0,256.0,213.0
906,MD,2020-04-07,0.0,49160.0,0.0,31554.0,3002.0,5586.0
907,ML,2020-04-07,0.0,93.0,0.0,40.0,3.0,2.0
908,MC,2020-04-07,0.0,1297.0,8.0,515.0,86.0,85.0
909,NC,2020-04-07,0.0,3467.0,0.0,1526.0,124.0,206.0
910,PV,2020-04-07,0.0,9392.0,60.0,4982.0,430.0,635.0
911,RI,2020-04-07,0.0,2951.0,0.0,955.0,68.0,177.0
912,AN,2020-04-08,0.0,9234.0,0.0,4599.0,538.0,652.0
913,AR,2020-04-08,0.0,3685.0,0.0,1765.0,210.0,385.0
914,AS,2020-04-08,0.0,1774.0,57.0,775.0,100.0,113.0
915,IB,2020-04-08,0.0,1448.0,0.0,749.0,131.0,89.0
916,CN,2020-04-08,0.0,1834.0,0.0,730.0,140.0,92.0
917,CB,2020-04-08,0.0,1619.0,0.0,720.0,71.0,98.0
918,CM,2020-04-08,0.0,12489.0,0.0,6622.0,460.0,1322.0
919,CL,2020-04-08,0.0,10518.0,0.0,5523.0,399.0,1082.0
920,CT,2020-04-08,0.0,31043.0,0.0,16970.0,1946.0,2667.0
921,CE,2020-04-08,0.0,84.0,0.0,9.0,4.0,4.0
922,VC,2020-04-08,0.0,7964.0,0.0,3815.0,541.0,767.0
923,EX,2020-04-08,0.0,2273.0,0.0,958.0,99.0,283.0
924,GA,2020-04-08,0.0,6758.0,0.0,2094.0,260.0,231.0
925,MD,2020-04-08,0.0,50580.0,0.0,32487.0,3038.0,5800.0
926,ML,2020-04-08,0.0,93.0,0.0,40.0,3.0,2.0
927,MC,2020-04-08,0.0,1322.0,18.0,533.0,87.0,88.0
928,NC,2020-04-08,0.0,3575.0,0.0,1526.0,124.0,214.0
929,PV,2020-04-08,0.0,9740.0,66.0,5130.0,433.0,689.0
930,RI,2020-04-08,0.0,3026.0,0.0,997.0,69.0,182.0
931,AN,2020-04-09,0.0,9482.0,0.0,4715.0,582.0,691.0
932,AR,2020-04-09,0.0,3831.0,0.0,1822.0,212.0,409.0
933,AS,2020-04-09,0.0,1822.0,67.0,797.0,100.0,129.0
934,IB,2020-04-09,0.0,1488.0,0.0,775.0,135.0,97.0
935,CN,2020-04-09,0.0,1858.0,0.0,738.0,141.0,94.0
936,CB,2020-04-09,0.0,1659.0,0.0,747.0,73.0,102.0
937,CM,2020-04-09,0.0,13063.0,0.0,6803.0,466.0,1431.0
938,CL,2020-04-09,0.0,11102.0,0.0,5674.0,407.0,1129.0
939,CT,2020-04-09,0.0,31824.0,0.0,17780.0,1966.0,2787.0
940,CE,2020-04-09,0.0,91.0,0.0,9.0,4.0,4.0
941,VC,2020-04-09,0.0,8331.0,0.0,3987.0,561.0,796.0
942,EX,2020-04-09,0.0,2332.0,0.0,1003.0,101.0,288.0
943,GA,2020-04-09,0.0,6946.0,0.0,2165.0,263.0,243.0
944,MD,2020-04-09,0.0,51535.0,0.0,33278.0,3061.0,5972.0
945,ML,2020-04-09,0.0,95.0,0.0,41.0,3.0,2.0
946,MC,2020-04-09,0.0,1338.0,29.0,533.0,88.0,90.0
947,NC,2020-04-09,0.0,3748.0,0.0,1620.0,124.0,218.0
948,PV,2020-04-09,0.0,9992.0,111.0,5290.0,442.0,729.0
949,RI,2020-04-09,0.0,3076.0,0.0,1047.0,71.0,196.0
950,AN,2020-04-10,0.0,9682.0,0.0,4808.0,602.0,737.0
951,AR,2020-04-10,0.0,3969.0,29.0,1860.0,215.0,425.0
952,AS,2020-04-10,0.0,1865.0,78.0,831.0,101.0,134.0
953,IB,2020-04-10,0.0,1507.0,0.0,776.0,136.0,102.0
954,CN,2020-04-10,0.0,1887.0,0.0,745.0,144.0,95.0
955,CB,2020-04-10,0.0,1719.0,0.0,773.0,75.0,107.0
956,CM,2020-04-10,0.0,13456.0,0.0,6907.0,470.0,1483.0
957,CL,2020-04-10,0.0,11543.0,0.0,5817.0,414.0,1180.0
958,CT,2020-04-10,0.0,32984.0,0.0,18194.0,1989.0,2877.0
959,CE,2020-04-10,0.0,93.0,0.0,9.0,4.0,4.0
960,VC,2020-04-10,0.0,8578.0,0.0,4132.0,565.0,818.0
961,EX,2020-04-10,0.0,2486.0,0.0,1052.0,104.0,303.0
962,GA,2020-04-10,0.0,7176.0,0.0,2215.0,264.0,261.0
963,MD,2020-04-10,0.0,52400.0,0.0,33986.0,3091.0,6084.0
964,ML,2020-04-10,0.0,98.0,0.0,43.0,3.0,2.0
965,MC,2020-04-10,0.0,1371.0,33.0,533.0,88.0,94.0
966,NC,2020-04-10,0.0,3817.0,0.0,1641.0,124.0,227.0
967,PV,2020-04-10,0.0,10313.0,202.0,5402.0,453.0,765.0
968,RI,2020-04-10,0.0,3223.0,273.0,1082.0,73.0,207.0
969,AN,2020-04-11,0.0,9976.0,0.0,4950.0,619.0,799.0
970,AR,2020-04-11,0.0,4070.0,55.0,1901.0,221.0,450.0
971,AS,2020-04-11,0.0,1949.0,81.0,863.0,102.0,150.0
972,IB,2020-04-11,0.0,1534.0,0.0,803.0,141.0,112.0
973,CN,2020-04-11,0.0,1918.0,0.0,758.0,144.0,95.0
974,CB,2020-04-11,0.0,1752.0,0.0,805.0,75.0,110.0
975,CM,2020-04-11,0.0,13698.0,0.0,7040.0,473.0,1543.0
976,CL,2020-04-11,0.0,12118.0,0.0,5957.0,418.0,1221.0
977,CT,2020-04-11,0.0,34027.0,0.0,18772.0,2018.0,2975.0
978,CE,2020-04-11,0.0,93.0,0.0,9.0,4.0,4.0
979,VC,2020-04-11,0.0,8841.0,0.0,4149.0,567.0,838.0
980,EX,2020-04-11,0.0,2580.0,0.0,1074.0,106.0,312.0
981,GA,2020-04-11,0.0,7336.0,0.0,2306.0,267.0,274.0
982,MD,2020-04-11,0.0,52944.0,0.0,34545.0,3105.0,6278.0
983,ML,2020-04-11,0.0,98.0,0.0,43.0,3.0,2.0
984,MC,2020-04-11,0.0,1380.0,56.0,537.0,91.0,97.0
985,NC,2020-04-11,0.0,3969.0,0.0,1663.0,124.0,232.0
986,PV,2020-04-11,0.0,10514.0,258.0,5547.0,459.0,804.0
987,RI,2020-04-11,0.0,3279.0,317.0,1122.0,73.0,219.0
988,AN,2020-04-12,0.0,10062.0,0.0,4993.0,621.0,815.0
989,AR,2020-04-12,0.0,4187.0,61.0,1938.0,223.0,464.0
990,AS,2020-04-12,0.0,2001.0,83.0,884.0,105.0,157.0
991,IB,2020-04-12,0.0,1550.0,0.0,809.0,142.0,117.0
992,CN,2020-04-12,0.0,1944.0,0.0,763.0,145.0,96.0
993,CB,2020-04-12,0.0,1777.0,0.0,827.0,75.0,117.0
994,CM,2020-04-12,0.0,14054.0,0.0,7782.0,475.0,1626.0
995,CL,2020-04-12,0.0,12628.0,0.0,6077.0,423.0,1263.0
996,CT,2020-04-12,0.0,34726.0,0.0,18963.0,2084.0,3105.0
997,CE,2020-04-12,0.0,95.0,0.0,9.0,4.0,4.0
998,VC,2020-04-12,0.0,9060.0,0.0,4269.0,576.0,876.0
999,EX,2020-04-12,0.0,2658.0,0.0,1096.0,107.0,321.0
1000,GA,2020-04-12,0.0,7494.0,0.0,2344.0,275.0,284.0
1001,MD,2020-04-12,0.0,53285.0,0.0,35053.0,3122.0,6423.0
1002,ML,2020-04-12,0.0,101.0,0.0,43.0,3.0,2.0
1003,MC,2020-04-12,0.0,1387.0,65.0,543.0,94.0,101.0
1004,NC,2020-04-12,0.0,4092.0,0.0,1693.0,124.0,239.0
1005,PV,2020-04-12,0.0,10674.0,344.0,5622.0,464.0,831.0
1006,RI,2020-04-12,0.0,3358.0,317.0,1141.0,73.0,223.0
1007,AN,2020-04-13,0.0,10169.0,114.0,5054.0,631.0,836.0
1008,AR,2020-04-13,0.0,4245.0,87.0,1966.0,229.0,492.0
1009,AS,2020-04-13,0.0,2030.0,89.0,902.0,109.0,165.0
1010,IB,2020-04-13,0.0,1571.0,0.0,824.0,144.0,118.0
1011,CN,2020-04-13,0.0,1958.0,0.0,771.0,147.0,102.0
1012,CB,2020-04-13,0.0,1796.0,0.0,853.0,76.0,120.0
1013,CM,2020-04-13,0.0,14329.0,0.0,7830.0,486.0,1714.0
1014,CL,2020-04-13,0.0,13180.0,0.0,6175.0,432.0,1299.0
1015,CT,2020-04-13,0.0,35197.0,0.0,19224.0,2102.0,3201.0
1016,CE,2020-04-13,0.0,96.0,0.0,9.0,4.0,4.0
1017,VC,2020-04-13,0.0,9213.0,0.0,4397.0,581.0,907.0
1018,EX,2020-04-13,0.0,2684.0,0.0,1114.0,107.0,334.0
1019,GA,2020-04-13,0.0,7597.0,0.0,2403.0,280.0,290.0
1020,MD,2020-04-13,0.0,54287.0,0.0,35400.0,3153.0,6568.0
1021,ML,2020-04-13,0.0,101.0,0.0,43.0,3.0,2.0
1022,MC,2020-04-13,0.0,1393.0,86.0,566.0,96.0,106.0
1023,NC,2020-04-13,0.0,4150.0,0.0,1705.0,124.0,249.0
1024,PV,2020-04-13,0.0,10845.0,381.0,5679.0,470.0,859.0
1025,RI,2020-04-13,0.0,3420.0,329.0,1152.0,74.0,234.0
1026,AN,2020-04-14,0.0,10392.0,169.0,5147.0,665.0,865.0
1027,AR,2020-04-14,0.0,4338.0,112.0,2006.0,231.0,514.0
1028,AS,2020-04-14,0.0,2089.0,105.0,914.0,111.0,172.0
1029,IB,2020-04-14,0.0,1605.0,0.0,854.0,147.0,125.0
1030,CN,2020-04-14,0.0,1975.0,0.0,781.0,152.0,104.0
1031,CB,2020-04-14,0.0,1823.0,0.0,873.0,76.0,132.0
1032,CM,2020-04-14,0.0,14680.0,0.0,7896.0,495.0,1755.0
1033,CL,2020-04-14,0.0,13697.0,0.0,6306.0,440.0,1337.0
1034,CT,2020-04-14,0.0,36505.0,0.0,20264.0,2189.0,3453.0
1035,CE,2020-04-14,0.0,98.0,0.0,9.0,4.0,4.0
1036,VC,2020-04-14,0.0,9424.0,0.0,4465.0,588.0,945.0
1037,EX,2020-04-14,0.0,2762.0,0.0,1155.0,107.0,342.0
1038,GA,2020-04-14,0.0,7708.0,0.0,2471.0,282.0,299.0
1039,MD,2020-04-14,0.0,55398.0,0.0,35688.0,3180.0,6724.0
1040,ML,2020-04-14,0.0,102.0,0.0,43.0,3.0,2.0
1041,MC,2020-04-14,0.0,1400.0,128.0,574.0,97.0,109.0
1042,NC,2020-04-14,0.0,4246.0,0.0,1731.0,124.0,252.0
1043,PV,2020-04-14,0.0,11014.0,461.0,5750.0,471.0,902.0
1044,RI,2020-04-14,0.0,3457.0,374.0,1182.0,75.0,246.0
1045,AN,2020-04-15,0.0,10557.0,216.0,5226.0,671.0,912.0
1046,AR,2020-04-15,0.0,4411.0,155.0,2108.0,235.0,543.0
1047,AS,2020-04-15,0.0,2110.0,137.0,927.0,112.0,176.0
1048,IB,2020-04-15,0.0,1636.0,0.0,869.0,150.0,131.0
1049,CN,2020-04-15,0.0,1988.0,0.0,802.0,156.0,107.0
1050,CB,2020-04-15,0.0,1845.0,0.0,890.0,77.0,137.0
1051,CM,2020-04-15,0.0,15151.0,0.0,7987.0,503.0,1796.0
1052,CL,2020-04-15,0.0,14380.0,0.0,6449.0,445.0,1372.0
1053,CT,2020-04-15,0.0,37354.0,0.0,20553.0,2252.0,3618.0
1054,CE,2020-04-15,0.0,98.0,2.0,9.0,4.0,4.0
1055,VC,2020-04-15,0.0,9615.0,0.0,4524.0,625.0,972.0
1056,EX,2020-04-15,0.0,2581.0,300.0,1186.0,107.0,359.0
1057,GA,2020-04-15,0.0,7873.0,0.0,2494.0,282.0,310.0
1058,MD,2020-04-15,0.0,56304.0,0.0,36251.0,3203.0,6877.0
1059,ML,2020-04-15,0.0,103.0,0.0,43.0,3.0,2.0
1060,MC,2020-04-15,0.0,1416.0,174.0,575.0,97.0,111.0
1061,NC,2020-04-15,0.0,4348.0,0.0,1752.0,124.0,261.0
1062,PV,2020-04-15,0.0,11203.0,587.0,5863.0,478.0,956.0
1063,RI,2020-04-15,0.0,3539.0,377.0,1207.0,75.0,257.0
1064,AN,2020-04-16,0.0,10635.0,383.0,5298.0,675.0,940.0
1065,AR,2020-04-16,0.0,4489.0,175.0,2151.0,235.0,562.0
1066,AS,2020-04-16,0.0,2163.0,156.0,966.0,113.0,186.0
1067,IB,2020-04-16,0.0,1667.0,0.0,902.0,150.0,134.0
1068,CN,2020-04-16,0.0,2009.0,0.0,811.0,159.0,111.0
1069,CB,2020-04-16,0.0,1884.0,0.0,903.0,78.0,144.0
1070,CM,2020-04-16,0.0,15997.0,0.0,8018.0,511.0,1852.0
1071,CL,2020-04-16,0.0,14903.0,0.0,6518.0,449.0,1401.0
1072,CT,2020-04-16,0.0,38316.0,0.0,21242.0,2305.0,3752.0
1073,CE,2020-04-16,0.0,98.0,3.0,9.0,4.0,4.0
1074,VC,2020-04-16,0.0,9486.0,297.0,4605.0,632.0,999.0
1075,EX,2020-04-16,0.0,2656.0,363.0,1212.0,107.0,372.0
1076,GA,2020-04-16,0.0,8013.0,0.0,2535.0,290.0,320.0
1077,MD,2020-04-16,0.0,57157.0,0.0,36851.0,3214.0,7007.0
1078,ML,2020-04-16,0.0,104.0,0.0,44.0,3.0,2.0
1079,MC,2020-04-16,0.0,1424.0,202.0,585.0,99.0,112.0
1080,NC,2020-04-16,0.0,4433.0,0.0,1781.0,124.0,338.0
1081,PV,2020-04-16,0.0,11403.0,686.0,5939.0,484.0,992.0
1082,RI,2020-04-16,0.0,3547.0,551.0,1226.0,76.0,262.0
1083,AN,2020-04-17,0.0,10734.0,434.0,5341.0,677.0,967.0
1084,AR,2020-04-17,0.0,4551.0,210.0,2180.0,237.0,601.0
1085,AS,2020-04-17,0.0,2186.0,180.0,980.0,113.0,190.0
1086,IB,2020-04-17,0.0,1723.0,24.0,934.0,155.0,148.0
1087,CN,2020-04-17,0.0,2035.0,0.0,822.0,160.0,115.0
1088,CB,2020-04-17,0.0,1990.0,0.0,911.0,78.0,149.0
1089,CM,2020-04-17,0.0,16349.0,0.0,8093.0,514.0,1913.0
1090,CL,2020-04-17,0.0,15293.0,0.0,6831.0,495.0,1429.0
1091,CT,2020-04-17,0.0,39943.0,152.0,22013.0,2349.0,3879.0
1092,CE,2020-04-17,0.0,100.0,11.0,9.0,4.0,4.0
1093,VC,2020-04-17,0.0,9584.0,533.0,4708.0,636.0,1042.0
1094,EX,2020-04-17,0.0,2663.0,468.0,1240.0,107.0,380.0
1095,GA,2020-04-17,0.0,8084.0,0.0,2554.0,291.0,334.0
1096,MD,2020-04-17,0.0,57978.0,0.0,37248.0,3228.0,7132.0
1097,ML,2020-04-17,0.0,104.0,0.0,44.0,3.0,2.0
1098,MC,2020-04-17,0.0,1430.0,217.0,611.0,102.0,115.0
1099,NC,2020-04-17,0.0,4349.0,230.0,1829.0,127.0,354.0
1100,PV,2020-04-17,0.0,11553.0,802.0,6030.0,490.0,1020.0
1101,RI,2020-04-17,0.0,3583.0,667.0,1249.0,78.0,272.0
1102,AN,2020-04-18,0.0,10898.0,491.0,5424.0,687.0,993.0
1103,AR,2020-04-18,0.0,4608.0,223.0,2216.0,240.0,619.0
1104,AS,2020-04-18,0.0,2203.0,188.0,988.0,114.0,197.0
1105,IB,2020-04-18,0.0,1739.0,33.0,952.0,158.0,155.0
1106,CN,2020-04-18,0.0,2047.0,0.0,825.0,162.0,119.0
1107,CB,2020-04-18,0.0,1949.0,101.0,924.0,78.0,153.0
1108,CM,2020-04-18,0.0,14588.0,2037.0,8137.0,518.0,1963.0
1109,CL,2020-04-18,0.0,14644.0,977.0,6981.0,498.0,1458.0
1110,CT,2020-04-18,0.0,40448.0,152.0,22235.0,2395.0,3933.0
1111,CE,2020-04-18,0.0,100.0,12.0,9.0,4.0,4.0
1112,VC,2020-04-18,0.0,9657.0,593.0,4781.0,643.0,1065.0
1113,EX,2020-04-18,0.0,2673.0,519.0,1278.0,107.0,384.0
1114,GA,2020-04-18,0.0,8185.0,0.0,2590.0,294.0,346.0
1115,MD,2020-04-18,0.0,58466.0,2475.0,37626.0,3238.0,7239.0
1116,ML,2020-04-18,0.0,104.0,3.0,44.0,3.0,2.0
1117,MC,2020-04-18,0.0,1438.0,215.0,612.0,102.0,116.0
1118,NC,2020-04-18,0.0,4413.0,243.0,1843.0,127.0,369.0
1119,PV,2020-04-18,0.0,11731.0,838.0,6086.0,499.0,1062.0
1120,RI,2020-04-18,0.0,3636.0,694.0,1268.0,79.0,277.0
1121,AN,2020-04-19,0.0,10991.0,527.0,5473.0,690.0,1013.0
1122,AR,2020-04-19,0.0,4654.0,232.0,2244.0,242.0,637.0
1123,AS,2020-04-19,0.0,2213.0,194.0,993.0,115.0,199.0
1124,IB,2020-04-19,0.0,1748.0,39.0,960.0,159.0,157.0
1125,CN,2020-04-19,0.0,2067.0,0.0,826.0,163.0,119.0
1126,CB,2020-04-19,0.0,1973.0,110.0,934.0,78.0,158.0
1127,CM,2020-04-19,0.0,14725.0,2071.0,8173.0,531.0,2021.0
1128,CL,2020-04-19,0.0,14781.0,1076.0,7080.0,501.0,1493.0
1129,CT,2020-04-19,0.0,41676.0,1027.0,22375.0,2409.0,4009.0
1130,CE,2020-04-19,0.0,100.0,14.0,9.0,4.0,4.0
1131,VC,2020-04-19,0.0,9708.0,631.0,4827.0,646.0,1079.0
1132,EX,2020-04-19,0.0,2692.0,551.0,1306.0,107.0,389.0
1133,GA,2020-04-19,0.0,8299.0,0.0,2609.0,296.0,352.0
1134,MD,2020-04-19,0.0,58673.0,2663.0,37970.0,3248.0,7351.0
1135,ML,2020-04-19,0.0,104.0,5.0,44.0,3.0,2.0
1136,MC,2020-04-19,0.0,1440.0,219.0,612.0,103.0,117.0
1137,NC,2020-04-19,0.0,4449.0,286.0,1856.0,128.0,385.0
1138,PV,2020-04-19,0.0,11789.0,839.0,6109.0,501.0,1081.0
1139,RI,2020-04-19,0.0,3664.0,707.0,1282.0,79.0,285.0
1140,AN,2020-04-20,0.0,11095.0,553.0,5509.0,692.0,1017.0
1141,AR,2020-04-20,0.0,4684.0,254.0,2271.0,244.0,643.0
1142,AS,2020-04-20,0.0,2220.0,229.0,999.0,116.0,203.0
1143,IB,2020-04-20,0.0,1766.0,41.0,983.0,159.0,161.0
1144,CN,2020-04-20,0.0,2085.0,0.0,837.0,164.0,120.0
1145,CB,2020-04-20,0.0,1998.0,110.0,948.0,78.0,165.0
1146,CM,2020-04-20,0.0,14936.0,2109.0,8199.0,534.0,2075.0
1147,CL,2020-04-20,0.0,14951.0,1308.0,7174.0,503.0,1521.0
1148,CT,2020-04-20,0.0,43112.0,1027.0,22796.0,2437.0,4152.0
1149,CE,2020-04-20,0.0,100.0,14.0,9.0,4.0,4.0
1150,VC,2020-04-20,0.0,9750.0,649.0,4866.0,648.0,1089.0
1151,EX,2020-04-20,0.0,2692.0,551.0,1327.0,107.0,397.0
1152,GA,2020-04-20,0.0,8468.0,0.0,2652.0,296.0,360.0
1153,MD,2020-04-20,0.0,59300.0,2672.0,38161.0,3278.0,7460.0
1154,ML,2020-04-20,0.0,105.0,5.0,44.0,3.0,2.0
1155,MC,2020-04-20,0.0,1445.0,251.0,614.0,104.0,120.0
1156,NC,2020-04-20,0.0,4475.0,356.0,1877.0,128.0,397.0
1157,PV,2020-04-20,0.0,11843.0,967.0,6141.0,507.0,1103.0
1158,RI,2020-04-20,0.0,3684.0,799.0,1297.0,81.0,294.0
1159,AN,2020-04-21,0.0,11225.0,654.0,5565.0,696.0,1050.0
1160,AR,2020-04-21,0.0,4761.0,293.0,2304.0,246.0,656.0
1161,AS,2020-04-21,0.0,2230.0,277.0,1007.0,116.0,211.0
1162,IB,2020-04-21,0.0,1786.0,48.0,1001.0,163.0,164.0
1163,CN,2020-04-21,0.0,2094.0,0.0,841.0,164.0,121.0
1164,CB,2020-04-21,0.0,2012.0,148.0,956.0,78.0,167.0
1165,CM,2020-04-21,0.0,15053.0,2268.0,8243.0,537.0,2140.0
1166,CL,2020-04-21,0.0,15141.0,1698.0,7264.0,505.0,1554.0
1167,CT,2020-04-21,0.0,43802.0,1027.0,23295.0,2460.0,4247.0
1168,CE,2020-04-21,0.0,100.0,24.0,9.0,4.0,4.0
1169,VC,2020-04-21,0.0,9825.0,746.0,4896.0,649.0,1106.0
1170,EX,2020-04-21,0.0,2692.0,551.0,1349.0,107.0,404.0
1171,GA,2020-04-21,0.0,8634.0,0.0,2674.0,297.0,368.0
1172,MD,2020-04-21,0.0,59950.0,2954.0,38328.0,3283.0,7577.0
1173,ML,2020-04-21,0.0,105.0,6.0,44.0,3.0,2.0
1174,MC,2020-04-21,0.0,1455.0,262.0,622.0,104.0,123.0
1175,NC,2020-04-21,0.0,4531.0,427.0,1894.0,128.0,401.0
1176,PV,2020-04-21,0.0,11974.0,1070.0,6201.0,513.0,1124.0
1177,RI,2020-04-21,0.0,3704.0,882.0,1318.0,81.0,298.0
1178,AN,2020-04-22,0.0,11358.0,837.0,5616.0,702.0,1079.0
1179,AR,2020-04-22,0.0,4833.0,404.0,2340.0,247.0,681.0
1180,AS,2020-04-22,0.0,2241.0,318.0,1009.0,116.0,222.0
1181,IB,2020-04-22,0.0,1805.0,54.0,1018.0,162.0,168.0
1182,CN,2020-04-22,0.0,2113.0,0.0,855.0,169.0,121.0
1183,CB,2020-04-22,0.0,2023.0,183.0,965.0,78.0,173.0
1184,CM,2020-04-22,0.0,15128.0,2429.0,8304.0,546.0,2188.0
1185,CL,2020-04-22,0.0,15510.0,1892.0,7397.0,508.0,1582.0
1186,CT,2020-04-22,0.0,44892.0,1027.0,23647.0,2478.0,4343.0
1187,CE,2020-04-22,0.0,100.0,24.0,9.0,4.0,4.0
1188,VC,2020-04-22,0.0,9869.0,866.0,4917.0,650.0,1124.0
1189,EX,2020-04-22,0.0,2715.0,651.0,1375.0,107.0,407.0
1190,GA,2020-04-22,0.0,8805.0,0.0,2694.0,298.0,375.0
1191,MD,2020-04-22,0.0,60657.0,3393.0,38620.0,3288.0,7684.0
1192,ML,2020-04-22,0.0,106.0,7.0,44.0,3.0,2.0
1193,MC,2020-04-22,0.0,1460.0,261.0,624.0,104.0,124.0
1194,NC,2020-04-22,0.0,4577.0,486.0,1907.0,129.0,409.0
1195,PV,2020-04-22,0.0,12094.0,1342.0,6260.0,516.0,1167.0
1196,RI,2020-04-22,0.0,3741.0,986.0,1331.0,82.0,303.0
1197,AN,2020-04-23,0.0,11486.0,963.0,5675.0,714.0,1107.0
1198,AR,2020-04-23,0.0,4867.0,428.0,2359.0,248.0,695.0
1199,AS,2020-04-23,0.0,2245.0,354.0,1012.0,117.0,228.0
1200,IB,2020-04-23,0.0,1819.0,57.0,1036.0,162.0,172.0
1201,CN,2020-04-23,0.0,2140.0,0.0,868.0,169.0,128.0
1202,CB,2020-04-23,0.0,2055.0,218.0,978.0,78.0,178.0
1203,CM,2020-04-23,0.0,15365.0,2688.0,8342.0,553.0,2255.0
1204,CL,2020-04-23,0.0,15692.0,2084.0,7506.0,510.0,1612.0
1205,CT,2020-04-23,0.0,45544.0,1027.0,24130.0,2569.0,4393.0
1206,CE,2020-04-23,0.0,100.0,25.0,10.0,4.0,4.0
1207,VC,2020-04-23,0.0,9939.0,967.0,4945.0,651.0,1147.0
1208,EX,2020-04-23,0.0,2718.0,685.0,1413.0,107.0,411.0
1209,GA,2020-04-23,0.0,8932.0,0.0,2707.0,301.0,382.0
1210,MD,2020-04-23,0.0,61099.0,3535.0,38837.0,3305.0,7765.0
1211,ML,2020-04-23,0.0,107.0,9.0,44.0,3.0,2.0
1212,MC,2020-04-23,0.0,1468.0,273.0,625.0,105.0,125.0
1213,NC,2020-04-23,0.0,4581.0,599.0,1915.0,129.0,417.0
1214,PV,2020-04-23,0.0,12204.0,1576.0,6315.0,518.0,1193.0
1215,RI,2020-04-23,0.0,3790.0,1075.0,1344.0,82.0,307.0
1216,AN,2020-04-24,0.0,11645.0,1129.0,5715.0,716.0,1131.0
1217,AR,2020-04-24,0.0,4922.0,460.0,2372.0,249.0,709.0
1218,AS,2020-04-24,0.0,2249.0,393.0,1020.0,117.0,235.0
1219,IB,2020-04-24,0.0,1845.0,60.0,1053.0,162.0,174.0
1220,CN,2020-04-24,0.0,2155.0,0.0,878.0,171.0,130.0
1221,CB,2020-04-24,0.0,2071.0,244.0,982.0,78.0,182.0
1222,CM,2020-04-24,0.0,15509.0,3016.0,8385.0,559.0,2292.0
1223,CL,2020-04-24,0.0,15990.0,2269.0,7555.0,511.0,1639.0
1224,CT,2020-04-24,0.0,46261.0,1027.0,24420.0,2576.0,4498.0
1225,CE,2020-04-24,0.0,100.0,25.0,10.0,4.0,4.0
1226,VC,2020-04-24,0.0,10066.0,1057.0,4978.0,653.0,1172.0
1227,EX,2020-04-24,0.0,2718.0,740.0,1447.0,107.0,416.0
1228,GA,2020-04-24,0.0,9116.0,0.0,2717.0,302.0,388.0
1229,MD,2020-04-24,0.0,61619.0,3691.0,39064.0,3307.0,7848.0
1230,ML,2020-04-24,0.0,108.0,10.0,44.0,3.0,2.0
1231,MC,2020-04-24,0.0,1468.0,288.0,625.0,105.0,126.0
1232,NC,2020-04-24,0.0,4627.0,647.0,1937.0,129.0,429.0
1233,PV,2020-04-24,0.0,12366.0,1766.0,6375.0,525.0,1212.0
1234,RI,2020-04-24,0.0,3821.0,1125.0,1360.0,83.0,311.0
1235,AN,2020-04-25,0.0,11712.0,1260.0,5747.0,716.0,1145.0
1236,AR,2020-04-25,0.0,4955.0,501.0,2395.0,251.0,712.0
1237,AS,2020-04-25,0.0,2261.0,441.0,1022.0,117.0,243.0
1238,IB,2020-04-25,0.0,1852.0,63.0,1057.0,162.0,175.0
1239,CN,2020-04-25,0.0,2167.0,0.0,880.0,171.0,131.0
1240,CB,2020-04-25,0.0,2083.0,247.0,991.0,78.0,183.0
1241,CM,2020-04-25,0.0,15609.0,3386.0,8417.0,565.0,2330.0
1242,CL,2020-04-25,0.0,16222.0,2462.0,7653.0,515.0,1666.0
1243,CT,2020-04-25,0.0,46811.0,1027.0,25665.0,2583.0,4566.0
1244,CE,2020-04-25,0.0,100.0,31.0,10.0,4.0,4.0
1245,VC,2020-04-25,0.0,10160.0,1212.0,5013.0,654.0,1186.0
1246,EX,2020-04-25,0.0,2736.0,729.0,1480.0,107.0,422.0
1247,GA,2020-04-25,0.0,9176.0,0.0,2724.0,303.0,394.0
1248,MD,2020-04-25,0.0,61855.0,3691.0,39217.0,3308.0,7922.0
1249,ML,2020-04-25,0.0,110.0,11.0,44.0,3.0,2.0
1250,MC,2020-04-25,0.0,1474.0,297.0,627.0,106.0,127.0
1251,NC,2020-04-25,0.0,4712.0,740.0,1942.0,129.0,431.0
1252,PV,2020-04-25,0.0,12455.0,1860.0,6426.0,533.0,1230.0
1253,RI,2020-04-25,0.0,3861.0,1137.0,1380.0,84.0,315.0
1254,AN,2020-04-26,0.0,11787.0,1321.0,5767.0,720.0,1157.0
1255,AR,2020-04-26,0.0,4985.0,519.0,2403.0,251.0,726.0
1256,AS,2020-04-26,0.0,2263.0,472.0,1028.0,117.0,248.0
1257,IB,2020-04-26,0.0,1857.0,63.0,1057.0,162.0,179.0
1258,CN,2020-04-26,0.0,2178.0,0.0,881.0,171.0,131.0
1259,CB,2020-04-26,0.0,2104.0,246.0,995.0,78.0,186.0
1260,CM,2020-04-26,0.0,15664.0,3622.0,8444.0,579.0,2365.0
1261,CL,2020-04-26,0.0,16404.0,2624.0,7703.0,518.0,1690.0
1262,CT,2020-04-26,0.0,47755.0,1027.0,25799.0,2724.0,4699.0
1263,CE,2020-04-26,0.0,100.0,31.0,10.0,4.0,4.0
1264,VC,2020-04-26,0.0,10180.0,1232.0,5032.0,656.0,1189.0
1265,EX,2020-04-26,0.0,2749.0,731.0,1490.0,107.0,428.0
1266,GA,2020-04-26,0.0,9238.0,0.0,2728.0,304.0,405.0
1267,MD,2020-04-26,0.0,61985.0,4022.0,39350.0,3309.0,7986.0
1268,ML,2020-04-26,0.0,110.0,11.0,44.0,3.0,2.0
1269,MC,2020-04-26,0.0,1474.0,297.0,627.0,106.0,128.0
1270,NC,2020-04-26,0.0,4733.0,753.0,1942.0,130.0,432.0
1271,PV,2020-04-26,0.0,12513.0,1899.0,6457.0,538.0,1241.0
1272,RI,2020-04-26,0.0,3892.0,1149.0,1392.0,85.0,320.0
1273,AN,2020-04-27,0.0,11836.0,1359.0,5792.0,721.0,1168.0
1274,AR,2020-04-27,0.0,5004.0,553.0,2425.0,252.0,735.0
1275,AS,2020-04-27,0.0,2269.0,537.0,1035.0,117.0,252.0
1276,IB,2020-04-27,0.0,1868.0,70.0,1069.0,162.0,181.0
1277,CN,2020-04-27,0.0,2187.0,0.0,900.0,174.0,133.0
1278,CB,2020-04-27,0.0,2115.0,271.0,1000.0,78.0,188.0
1279,CM,2020-04-27,0.0,15706.0,3812.0,8464.0,584.0,2396.0
1280,CL,2020-04-27,0.0,16589.0,2783.0,7777.0,522.0,1710.0
1281,CT,2020-04-27,0.0,48158.0,1027.0,26230.0,2750.0,4808.0
1282,CE,2020-04-27,0.0,100.0,34.0,10.0,4.0,4.0
1283,VC,2020-04-27,0.0,10204.0,1454.0,5046.0,659.0,1200.0
1284,EX,2020-04-27,0.0,2751.0,736.0,1505.0,107.0,433.0
1285,GA,2020-04-27,0.0,9328.0,0.0,2734.0,305.0,412.0
1286,MD,2020-04-27,0.0,62579.0,4205.0,39423.0,3338.0,8048.0
1287,ML,2020-04-27,0.0,114.0,11.0,44.0,3.0,2.0
1288,MC,2020-04-27,0.0,1475.0,318.0,629.0,106.0,130.0
1289,NC,2020-04-27,0.0,4759.0,871.0,1945.0,130.0,432.0
1290,PV,2020-04-27,0.0,12564.0,2240.0,6482.0,539.0,1255.0
1291,RI,2020-04-27,0.0,3897.0,1200.0,1400.0,87.0,326.0
1292,AN,2020-04-28,0.0,11917.0,1528.0,5831.0,721.0,1188.0
1293,AR,2020-04-28,0.0,5042.0,610.0,2454.0,252.0,736.0
1294,AS,2020-04-28,0.0,2284.0,587.0,1041.0,117.0,259.0
1295,IB,2020-04-28,0.0,1877.0,71.0,1074.0,162.0,185.0
1296,CN,2020-04-28,0.0,2202.0,0.0,906.0,175.0,134.0
1297,CB,2020-04-28,0.0,2146.0,293.0,1006.0,79.0,191.0
1298,CM,2020-04-28,0.0,15785.0,4010.0,8523.0,588.0,2436.0
1299,CL,2020-04-28,0.0,16690.0,3161.0,7854.0,524.0,1736.0
1300,CT,2020-04-28,0.0,48654.0,1027.0,26546.0,2768.0,4905.0
1301,CE,2020-04-28,0.0,101.0,38.0,10.0,4.0,4.0
1302,VC,2020-04-28,0.0,10236.0,1580.0,5072.0,662.0,1218.0
1303,EX,2020-04-28,0.0,2764.0,749.0,1526.0,107.0,440.0
1304,GA,2020-04-28,0.0,8693.0,791.0,2736.0,308.0,551.0
1305,MD,2020-04-28,0.0,63079.0,4381.0,39850.0,3355.0,8105.0
1306,ML,2020-04-28,0.0,114.0,11.0,44.0,3.0,2.0
1307,MC,2020-04-28,0.0,1480.0,360.0,635.0,106.0,130.0
1308,NC,2020-04-28,0.0,4794.0,1090.0,1951.0,130.0,448.0
1309,PV,2020-04-28,0.0,12619.0,2519.0,6522.0,540.0,1274.0
1310,RI,2020-04-28,0.0,3910.0,1263.0,1413.0,87.0,330.0
1311,AN,2020-04-29,0.0,11949.0,1675.0,5873.0,721.0,1207.0
1312,AR,2020-04-29,0.0,5091.0,880.0,2477.0,252.0,739.0
1313,AS,2020-04-29,0.0,2295.0,627.0,1047.0,117.0,263.0
1314,IB,2020-04-29,0.0,1881.0,72.0,1077.0,163.0,188.0
1315,CN,2020-04-29,0.0,2205.0,0.0,909.0,175.0,135.0
1316,CB,2020-04-29,0.0,2173.0,332.0,1007.0,79.0,191.0
1317,CM,2020-04-29,0.0,15832.0,4239.0,8567.0,592.0,2463.0
1318,CL,2020-04-29,0.0,16885.0,3427.0,7957.0,528.0,1752.0
1319,CT,2020-04-29,0.0,48916.0,1027.0,26763.0,2784.0,4975.0
1320,CE,2020-04-29,0.0,101.0,45.0,10.0,4.0,4.0
1321,VC,2020-04-29,0.0,10331.0,1727.0,5096.0,663.0,1236.0
1322,EX,2020-04-29,0.0,2785.0,753.0,1550.0,108.0,446.0
1323,GA,2020-04-29,0.0,8731.0,848.0,2747.0,310.0,551.0
1324,MD,2020-04-29,0.0,63454.0,4488.0,40076.0,3377.0,8176.0
1325,ML,2020-04-29,0.0,114.0,11.0,44.0,3.0,2.0
1326,MC,2020-04-29,0.0,1486.0,408.0,637.0,108.0,130.0
1327,NC,2020-04-29,0.0,4815.0,1325.0,1965.0,132.0,451.0
1328,PV,2020-04-29,0.0,12701.0,2818.0,6561.0,541.0,1296.0
1329,RI,2020-04-29,0.0,3918.0,1288.0,1424.0,88.0,332.0
1330,AN,2020-04-30,0.0,12061.0,1820.0,5935.0,729.0,1238.0
1331,AR,2020-04-30,0.0,5116.0,987.0,2494.0,253.0,749.0
1332,AS,2020-04-30,0.0,2310.0,663.0,1048.0,118.0,264.0
1333,IB,2020-04-30,0.0,1892.0,76.0,1085.0,163.0,193.0
1334,CN,2020-04-30,0.0,2206.0,0.0,914.0,175.0,136.0
1335,CB,2020-04-30,0.0,2184.0,363.0,1009.0,79.0,192.0
1336,CM,2020-04-30,0.0,15910.0,4606.0,8618.0,596.0,2498.0
1337,CL,2020-04-30,0.0,16993.0,3746.0,8010.0,531.0,1770.0
1338,CT,2020-04-30,0.0,49307.0,1027.0,26932.0,2795.0,5061.0
1339,CE,2020-04-30,0.0,101.0,50.0,10.0,4.0,4.0
1340,VC,2020-04-30,0.0,10347.0,1862.0,5126.0,694.0,1245.0
1341,EX,2020-04-30,0.0,2811.0,819.0,1565.0,108.0,451.0
1342,GA,2020-04-30,0.0,8769.0,848.0,2759.0,313.0,558.0
1343,MD,2020-04-30,0.0,63747.0,4609.0,40293.0,3392.0,8222.0
1344,ML,2020-04-30,0.0,115.0,11.0,44.0,3.0,2.0
1345,MC,2020-04-30,0.0,1488.0,472.0,638.0,109.0,132.0
1346,NC,2020-04-30,0.0,4848.0,1489.0,1977.0,132.0,458.0
1347,PV,2020-04-30,0.0,12824.0,3145.0,6607.0,544.0,1312.0
1348,RI,2020-04-30,0.0,3936.0,1290.0,1433.0,88.0,333.0
1349,AN,2020-05-01,0.0,12105.0,2023.0,5961.0,735.0,1253.0
1350,AR,2020-05-01,0.0,5136.0,1028.0,2503.0,253.0,761.0
1351,AS,2020-05-01,0.0,2311.0,686.0,1052.0,120.0,270.0
1352,IB,2020-05-01,0.0,1898.0,82.0,1089.0,163.0,197.0
1353,CN,2020-05-01,0.0,2212.0,0.0,918.0,175.0,140.0
1354,CB,2020-05-01,0.0,2201.0,376.0,1009.0,79.0,193.0
1355,CM,2020-05-01,0.0,15967.0,5056.0,8645.0,601.0,2534.0
1356,CL,2020-05-01,0.0,17165.0,3834.0,8054.0,531.0,1788.0
1357,CT,2020-05-01,0.0,49850.0,1027.0,27049.0,2811.0,5137.0
1358,CE,2020-05-01,0.0,101.0,51.0,10.0,4.0,4.0
1359,VC,2020-05-01,0.0,10552.0,2103.0,5153.0,695.0,1258.0
1360,EX,2020-05-01,0.0,2824.0,866.0,1592.0,108.0,458.0
1361,GA,2020-05-01,0.0,8804.0,848.0,2769.0,313.0,563.0
1362,MD,2020-05-01,0.0,63928.0,4609.0,40457.0,3404.0,8292.0
1363,ML,2020-05-01,0.0,115.0,11.0,44.0,3.0,2.0
1364,MC,2020-05-01,0.0,1491.0,475.0,639.0,110.0,132.0
1365,NC,2020-05-01,0.0,4888.0,1523.0,1979.0,132.0,460.0
1366,PV,2020-05-01,0.0,12899.0,3232.0,6659.0,551.0,1321.0
1367,RI,2020-05-01,0.0,3947.0,1292.0,1439.0,88.0,334.0
1368,AN,2020-05-02,0.0,12139.0,2112.0,5961.0,736.0,1256.0
1369,AR,2020-05-02,0.0,5164.0,1044.0,2519.0,253.0,761.0
1370,AS,2020-05-02,0.0,2313.0,706.0,1055.0,120.0,270.0
1371,IB,2020-05-02,0.0,1904.0,82.0,1094.0,163.0,197.0
1372,CN,2020-05-02,0.0,2221.0,0.0,919.0,175.0,140.0
1373,CB,2020-05-02,0.0,2205.0,384.0,1010.0,79.0,195.0
1374,CM,2020-05-02,0.0,16017.0,5273.0,8676.0,604.0,2565.0
1375,CL,2020-05-02,0.0,17283.0,3946.0,8085.0,533.0,1800.0
1376,CT,2020-05-02,0.0,50234.0,1027.0,27257.0,2844.0,5185.0
1377,CE,2020-05-02,0.0,101.0,51.0,10.0,4.0,4.0
1378,VC,2020-05-02,0.0,10563.0,2250.0,5181.0,698.0,1264.0
1379,EX,2020-05-02,0.0,2844.0,868.0,1603.0,108.0,460.0
1380,GA,2020-05-02,0.0,8837.0,848.0,2774.0,315.0,569.0
1381,MD,2020-05-02,0.0,64045.0,4609.0,40597.0,3421.0,8332.0
1382,ML,2020-05-02,0.0,117.0,12.0,44.0,3.0,2.0
1383,MC,2020-05-02,0.0,1492.0,482.0,641.0,110.0,134.0
1384,NC,2020-05-02,0.0,4902.0,1525.0,1986.0,133.0,462.0
1385,PV,2020-05-02,0.0,12944.0,3259.0,6692.0,553.0,1329.0
1386,RI,2020-05-02,0.0,3952.0,1295.0,1446.0,88.0,335.0
1387,AN,2020-05-03,0.0,12156.0,2155.0,5973.0,738.0,1263.0
1388,AR,2020-05-03,0.0,5188.0,1051.0,2526.0,253.0,762.0
1389,AS,2020-05-03,0.0,2315.0,716.0,1057.0,120.0,274.0
1390,IB,2020-05-03,0.0,1904.0,83.0,1097.0,163.0,197.0
1391,CN,2020-05-03,0.0,2225.0,0.0,919.0,175.0,141.0
1392,CB,2020-05-03,0.0,2206.0,390.0,1011.0,79.0,197.0
1393,CM,2020-05-03,0.0,16050.0,5461.0,8698.0,606.0,2590.0
1394,CL,2020-05-03,0.0,17334.0,4045.0,8123.0,534.0,1818.0
1395,CT,2020-05-03,0.0,50366.0,1027.0,27321.0,2847.0,5220.0
1396,CE,2020-05-03,0.0,101.0,51.0,10.0,4.0,4.0
1397,VC,2020-05-03,0.0,10575.0,2383.0,5204.0,700.0,1269.0
1398,EX,2020-05-03,0.0,2849.0,873.0,1618.0,108.0,460.0
1399,GA,2020-05-03,0.0,8859.0,848.0,2782.0,315.0,575.0
1400,MD,2020-05-03,0.0,64157.0,4609.0,40741.0,3431.0,8376.0
1401,ML,2020-05-03,0.0,119.0,12.0,44.0,3.0,2.0
1402,MC,2020-05-03,0.0,1492.0,482.0,645.0,110.0,134.0
1403,NC,2020-05-03,0.0,4918.0,1529.0,1990.0,133.0,466.0
1404,PV,2020-05-03,0.0,12956.0,3294.0,6719.0,554.0,1341.0
1405,RI,2020-05-03,0.0,3961.0,1297.0,1449.0,88.0,335.0
1406,AN,2020-05-04,0.0,12167.0,2184.0,5983.0,738.0,1267.0
1407,AR,2020-05-04,0.0,5207.0,1075.0,2539.0,253.0,770.0
1408,AS,2020-05-04,0.0,2316.0,743.0,1061.0,120.0,275.0
1409,IB,2020-05-04,0.0,1906.0,87.0,1105.0,164.0,198.0
1410,CN,2020-05-04,0.0,2231.0,0.0,920.0,176.0,142.0
1411,CB,2020-05-04,0.0,2207.0,400.0,1015.0,79.0,198.0
1412,CM,2020-05-04,0.0,16080.0,5576.0,8725.0,609.0,2616.0
1413,CL,2020-05-04,0.0,17429.0,4290.0,8153.0,537.0,1832.0
1414,CT,2020-05-04,0.0,50771.0,1027.0,27745.0,2856.0,5270.0
1415,CE,2020-05-04,0.0,101.0,54.0,10.0,4.0,4.0
1416,VC,2020-05-04,0.0,10617.0,2383.0,5214.0,701.0,1279.0
1417,EX,2020-05-04,0.0,2852.0,876.0,1629.0,108.0,462.0
1418,GA,2020-05-04,0.0,8881.0,902.0,2792.0,317.0,579.0
1419,MD,2020-05-04,0.0,64489.0,4689.0,40851.0,3442.0,8420.0
1420,ML,2020-05-04,0.0,119.0,12.0,44.0,3.0,2.0
1421,MC,2020-05-04,0.0,1496.0,555.0,650.0,111.0,136.0
1422,NC,2020-05-04,0.0,4936.0,1625.0,1995.0,134.0,471.0
1423,PV,2020-05-04,0.0,12987.0,3461.0,6736.0,556.0,1353.0
1424,RI,2020-05-04,0.0,3967.0,1303.0,1452.0,90.0,336.0
1425,AN,2020-05-05,0.0,12190.0,2403.0,6012.0,740.0,1281.0
1426,AR,2020-05-05,0.0,5231.0,1151.0,2552.0,253.0,788.0
1427,AS,2020-05-05,0.0,2322.0,768.0,1068.0,120.0,278.0
1428,IB,2020-05-05,0.0,1917.0,92.0,1117.0,164.0,199.0
1429,CN,2020-05-05,0.0,2231.0,0.0,920.0,176.0,143.0
1430,CB,2020-05-05,0.0,2213.0,413.0,1018.0,79.0,199.0
1431,CM,2020-05-05,0.0,16144.0,6022.0,8765.0,612.0,2647.0
1432,CL,2020-05-05,0.0,17520.0,4636.0,8246.0,538.0,1847.0
1433,CT,2020-05-05,0.0,50924.0,1166.0,28085.0,2871.0,5345.0
1434,CE,2020-05-05,0.0,109.0,55.0,10.0,4.0,4.0
1435,VC,2020-05-05,0.0,10659.0,2527.0,5225.0,701.0,1291.0
1436,EX,2020-05-05,0.0,2865.0,881.0,1650.0,108.0,463.0
1437,GA,2020-05-05,0.0,8901.0,1095.0,2811.0,319.0,588.0
1438,MD,2020-05-05,0.0,64820.0,4689.0,41031.0,3465.0,8466.0
1439,ML,2020-05-05,0.0,119.0,12.0,44.0,3.0,2.0
1440,MC,2020-05-05,0.0,1498.0,635.0,650.0,111.0,136.0
1441,NC,2020-05-05,0.0,4966.0,1804.0,2005.0,135.0,476.0
1442,PV,2020-05-05,0.0,13021.0,3671.0,6781.0,559.0,1364.0
1443,RI,2020-05-05,0.0,3980.0,1342.0,1458.0,91.0,337.0
1444,AN,2020-05-06,0.0,12222.0,2602.0,6027.0,742.0,1294.0
1445,AR,2020-05-06,0.0,5258.0,1258.0,2564.0,255.0,800.0
1446,AS,2020-05-06,0.0,2330.0,773.0,1072.0,121.0,279.0
1447,IB,2020-05-06,0.0,1925.0,94.0,1121.0,164.0,201.0
1448,CN,2020-05-06,0.0,2235.0,0.0,921.0,176.0,144.0
1449,CB,2020-05-06,0.0,2220.0,422.0,1020.0,79.0,200.0
1450,CM,2020-05-06,0.0,16184.0,6383.0,8796.0,613.0,2677.0
1451,CL,2020-05-06,0.0,17625.0,4912.0,8300.0,541.0,1864.0
1452,CT,2020-05-06,0.0,51190.0,1315.0,28248.0,2891.0,5394.0
1453,CE,2020-05-06,0.0,109.0,56.0,10.0,4.0,4.0
1454,VC,2020-05-06,0.0,10694.0,2719.0,5252.0,704.0,1303.0
1455,EX,2020-05-06,0.0,2877.0,931.0,1664.0,108.0,467.0
1456,GA,2020-05-06,0.0,8919.0,1158.0,2833.0,320.0,591.0
1457,MD,2020-05-06,0.0,65093.0,4792.0,41159.0,3485.0,8504.0
1458,ML,2020-05-06,0.0,119.0,13.0,44.0,3.0,2.0
1459,MC,2020-05-06,0.0,1501.0,691.0,652.0,111.0,137.0
1460,NC,2020-05-06,0.0,4983.0,2027.0,2015.0,135.0,480.0
1461,PV,2020-05-06,0.0,13054.0,3918.0,6797.0,561.0,1383.0
1462,RI,2020-05-06,0.0,3986.0,1344.0,1463.0,91.0,338.0
1463,AN,2020-05-07,0.0,12239.0,2763.0,6038.0,742.0,1301.0
1464,AR,2020-05-07,0.0,5274.0,1301.0,2578.0,255.0,815.0
1465,AS,2020-05-07,0.0,2338.0,821.0,1076.0,121.0,280.0
1466,IB,2020-05-07,0.0,1931.0,94.0,1121.0,164.0,202.0
1467,CN,2020-05-07,0.0,2240.0,0.0,927.0,176.0,148.0
1468,CB,2020-05-07,0.0,2232.0,433.0,1022.0,79.0,201.0
1469,CM,2020-05-07,0.0,16237.0,6671.0,8828.0,617.0,2713.0
1470,CL,2020-05-07,0.0,17716.0,5210.0,8357.0,543.0,1876.0
1471,CT,2020-05-07,0.0,51733.0,1476.0,28608.0,2949.0,5471.0
1472,CE,2020-05-07,0.0,109.0,59.0,11.0,4.0,4.0
1473,VC,2020-05-07,0.0,10725.0,2888.0,5287.0,706.0,1309.0
1474,EX,2020-05-07,0.0,2900.0,953.0,1678.0,109.0,472.0
1475,GA,2020-05-07,0.0,8952.0,1269.0,2852.0,321.0,592.0
1476,MD,2020-05-07,0.0,65333.0,4792.0,41304.0,3493.0,8552.0
1477,ML,2020-05-07,0.0,119.0,13.0,44.0,3.0,2.0
1478,MC,2020-05-07,0.0,1504.0,748.0,659.0,112.0,137.0
1479,NC,2020-05-07,0.0,5006.0,2221.0,2015.0,135.0,484.0
1480,PV,2020-05-07,0.0,13104.0,4185.0,6818.0,566.0,1390.0
1481,RI,2020-05-07,0.0,3992.0,1363.0,1469.0,91.0,342.0
1482,AN,2020-05-08,0.0,12250.0,2930.0,6069.0,745.0,1317.0
1483,AR,2020-05-08,0.0,5291.0,1365.0,2583.0,255.0,823.0
1484,AS,2020-05-08,0.0,2344.0,841.0,1077.0,121.0,280.0
1485,IB,2020-05-08,0.0,1940.0,98.0,1121.0,165.0,207.0
1486,CN,2020-05-08,0.0,2250.0,0.0,935.0,178.0,148.0
1487,CB,2020-05-08,0.0,2241.0,440.0,1023.0,79.0,201.0
1488,CM,2020-05-08,0.0,16278.0,7015.0,8867.0,621.0,2738.0
1489,CL,2020-05-08,0.0,17822.0,5630.0,8394.0,546.0,1885.0
1490,CT,2020-05-08,0.0,51935.0,1643.0,28687.0,2950.0,5507.0
1491,CE,2020-05-08,0.0,110.0,59.0,11.0,4.0,4.0
1492,VC,2020-05-08,0.0,10760.0,3015.0,5317.0,709.0,1315.0
1493,EX,2020-05-08,0.0,2907.0,979.0,1695.0,109.0,477.0
1494,GA,2020-05-08,0.0,8964.0,1358.0,2876.0,323.0,595.0
1495,MD,2020-05-08,0.0,65555.0,4852.0,41436.0,3508.0,8598.0
1496,ML,2020-05-08,0.0,119.0,13.0,44.0,3.0,2.0
1497,MC,2020-05-08,0.0,1506.0,757.0,662.0,112.0,138.0
1498,NC,2020-05-08,0.0,5039.0,2403.0,2021.0,135.0,487.0
1499,PV,2020-05-08,0.0,13161.0,4442.0,6865.0,568.0,1403.0
1500,RI,2020-05-08,0.0,4000.0,1365.0,1473.0,91.0,344.0
1501,AN,2020-05-09,0.0,12267.0,3088.0,6080.0,745.0,1320.0
1502,AR,2020-05-09,0.0,5316.0,1386.0,2588.0,255.0,824.0
1503,AS,2020-05-09,0.0,2346.0,854.0,1080.0,121.0,283.0
1504,IB,2020-05-09,0.0,1946.0,105.0,1121.0,165.0,209.0
1505,CN,2020-05-09,0.0,2258.0,0.0,935.0,178.0,148.0
1506,CB,2020-05-09,0.0,2244.0,440.0,1027.0,79.0,201.0
1507,CM,2020-05-09,0.0,16343.0,7319.0,8895.0,623.0,2759.0
1508,CL,2020-05-09,0.0,17952.0,5869.0,8468.0,546.0,1897.0
1509,CT,2020-05-09,0.0,52162.0,1643.0,28784.0,2951.0,5532.0
1510,CE,2020-05-09,0.0,110.0,59.0,11.0,4.0,4.0
1511,VC,2020-05-09,0.0,10770.0,3127.0,5354.0,716.0,1323.0
1512,EX,2020-05-09,0.0,2912.0,991.0,1711.0,109.0,480.0
1513,GA,2020-05-09,0.0,8981.0,1389.0,2886.0,325.0,596.0
1514,MD,2020-05-09,0.0,65641.0,4875.0,41559.0,3520.0,8644.0
1515,ML,2020-05-09,0.0,119.0,13.0,44.0,3.0,2.0
1516,MC,2020-05-09,0.0,1508.0,821.0,662.0,112.0,139.0
1517,NC,2020-05-09,0.0,5052.0,2403.0,2023.0,135.0,488.0
1518,PV,2020-05-09,0.0,13193.0,4521.0,6902.0,571.0,1418.0
1519,RI,2020-05-09,0.0,4008.0,1370.0,1474.0,91.0,346.0
1520,AN,2020-05-10,0.0,12285.0,3137.0,6092.0,745.0,1322.0
1521,AR,2020-05-10,0.0,5336.0,1395.0,2595.0,255.0,825.0
1522,AS,2020-05-10,0.0,2350.0,866.0,1080.0,121.0,288.0
1523,IB,2020-05-10,0.0,1949.0,105.0,1121.0,165.0,209.0
1524,CN,2020-05-10,0.0,2260.0,0.0,936.0,178.0,149.0
1525,CB,2020-05-10,0.0,2245.0,440.0,1027.0,79.0,201.0
1526,CM,2020-05-10,0.0,16387.0,7482.0,8918.0,624.0,2786.0
1527,CL,2020-05-10,0.0,17995.0,5996.0,8482.0,547.0,1905.0
1528,CT,2020-05-10,0.0,54807.0,1643.0,28820.0,2952.0,5555.0
1529,CE,2020-05-10,0.0,110.0,59.0,11.0,4.0,4.0
1530,VC,2020-05-10,0.0,10776.0,3152.0,5355.0,716.0,1330.0
1531,EX,2020-05-10,0.0,2918.0,1001.0,1725.0,109.0,483.0
1532,GA,2020-05-10,0.0,8999.0,1389.0,2902.0,326.0,597.0
1533,MD,2020-05-10,0.0,65693.0,4877.0,41650.0,3529.0,8683.0
1534,ML,2020-05-10,0.0,119.0,13.0,44.0,3.0,2.0
1535,MC,2020-05-10,0.0,1517.0,815.0,665.0,112.0,139.0
1536,NC,2020-05-10,0.0,5065.0,2421.0,2029.0,135.0,490.0
1537,PV,2020-05-10,0.0,13203.0,4542.0,6922.0,573.0,1423.0
1538,RI,2020-05-10,0.0,4008.0,1374.0,1475.0,91.0,346.0
1539,AN,2020-05-11,0.0,12293.0,3229.0,6101.0,745.0,1326.0
1540,AR,2020-05-11,0.0,5359.0,1438.0,2606.0,255.0,828.0
1541,AS,2020-05-11,0.0,2352.0,875.0,1080.0,121.0,290.0
1542,IB,2020-05-11,0.0,1949.0,105.0,1122.0,166.0,210.0
1543,CN,2020-05-11,0.0,2268.0,0.0,937.0,178.0,151.0
1544,CB,2020-05-11,0.0,2246.0,445.0,1027.0,79.0,203.0
1545,CM,2020-05-11,0.0,16431.0,7620.0,8940.0,629.0,2811.0
1546,CL,2020-05-11,0.0,18048.0,6122.0,8493.0,547.0,1914.0
1547,CT,2020-05-11,0.0,55144.0,1643.0,29138.0,2952.0,5621.0
1548,CE,2020-05-11,0.0,114.0,59.0,11.0,4.0,4.0
1549,VC,2020-05-11,0.0,10793.0,3197.0,5360.0,717.0,1336.0
1550,EX,2020-05-11,0.0,2919.0,1001.0,1737.0,109.0,487.0
1551,GA,2020-05-11,0.0,9003.0,1446.0,2905.0,326.0,598.0
1552,MD,2020-05-11,0.0,65887.0,4877.0,41735.0,3543.0,8720.0
1553,ML,2020-05-11,0.0,119.0,13.0,44.0,3.0,2.0
1554,MC,2020-05-11,0.0,1517.0,816.0,665.0,112.0,139.0
1555,NC,2020-05-11,0.0,5081.0,2556.0,2039.0,135.0,493.0
1556,PV,2020-05-11,0.0,13231.0,4664.0,6929.0,574.0,1429.0
1557,RI,2020-05-11,0.0,4008.0,1384.0,1478.0,91.0,347.0
1558,AN,2020-05-12,0.0,12317.0,3312.0,6114.0,750.0,1332.0
1559,AR,2020-05-12,0.0,5372.0,1484.0,2614.0,255.0,829.0
1560,AS,2020-05-12,0.0,2356.0,896.0,1080.0,121.0,292.0
1561,IB,2020-05-12,0.0,1953.0,106.0,1127.0,168.0,215.0
1562,CN,2020-05-12,0.0,2271.0,0.0,937.0,178.0,151.0
1563,CB,2020-05-12,0.0,2256.0,477.0,1029.0,79.0,205.0
1564,CM,2020-05-12,0.0,16453.0,7732.0,8963.0,632.0,2835.0
1565,CL,2020-05-12,0.0,18105.0,6157.0,8517.0,547.0,1919.0
1566,CT,2020-05-12,0.0,55287.0,1643.0,29267.0,2953.0,5692.0
1567,CE,2020-05-12,0.0,114.0,59.0,11.0,4.0,4.0
1568,VC,2020-05-12,0.0,10816.0,3285.0,5370.0,717.0,1341.0
1569,EX,2020-05-12,0.0,2921.0,1001.0,1754.0,109.0,489.0
1570,GA,2020-05-12,0.0,9014.0,1481.0,2909.0,327.0,599.0
1571,MD,2020-05-12,0.0,66106.0,4958.0,41856.0,3555.0,8760.0
1572,ML,2020-05-12,0.0,119.0,13.0,44.0,3.0,2.0
1573,MC,2020-05-12,0.0,1525.0,873.0,666.0,112.0,142.0
1574,NC,2020-05-12,0.0,5094.0,2658.0,2042.0,135.0,494.0
1575,PV,2020-05-12,0.0,13260.0,4881.0,6955.0,575.0,1442.0
1576,RI,2020-05-12,0.0,4009.0,1388.0,1481.0,91.0,348.0
1577,AN,2020-05-13,0.0,12359.0,3464.0,6128.0,751.0,1336.0
1578,AR,2020-05-13,0.0,5389.0,1554.0,2625.0,255.0,836.0
1579,AS,2020-05-13,0.0,2357.0,910.0,1084.0,121.0,293.0
1580,IB,2020-05-13,0.0,1954.0,106.0,1127.0,168.0,216.0
1581,CN,2020-05-13,0.0,2275.0,0.0,937.0,178.0,151.0
1582,CB,2020-05-13,0.0,2256.0,483.0,1030.0,79.0,205.0
1583,CM,2020-05-13,0.0,16470.0,7861.0,8980.0,634.0,2852.0
1584,CL,2020-05-13,0.0,18173.0,6206.0,8560.0,548.0,1925.0
1585,CT,2020-05-13,0.0,55313.0,1643.0,29305.0,2954.0,5823.0
1586,CE,2020-05-13,0.0,116.0,59.0,11.0,4.0,4.0
1587,VC,2020-05-13,0.0,10832.0,3370.0,5389.0,717.0,1349.0
1588,EX,2020-05-13,0.0,2925.0,1001.0,1761.0,109.0,492.0
1589,GA,2020-05-13,0.0,9030.0,1515.0,2915.0,327.0,603.0
1590,MD,2020-05-13,0.0,66315.0,4958.0,41962.0,3564.0,8779.0
1591,ML,2020-05-13,0.0,119.0,13.0,44.0,3.0,2.0
1592,MC,2020-05-13,0.0,1532.0,905.0,672.0,112.0,142.0
1593,NC,2020-05-13,0.0,5105.0,2786.0,2045.0,135.0,498.0
1594,PV,2020-05-13,0.0,13303.0,4881.0,6994.0,577.0,1454.0
1595,RI,2020-05-13,0.0,4014.0,1391.0,1484.0,91.0,348.0
1596,AN,2020-05-14,0.0,12401.0,3667.0,6146.0,754.0,1344.0
1597,AR,2020-05-14,0.0,5432.0,1583.0,2637.0,255.0,837.0
1598,AS,2020-05-14,0.0,2364.0,936.0,1087.0,121.0,298.0
1599,IB,2020-05-14,0.0,1963.0,106.0,1132.0,168.0,216.0
1600,CN,2020-05-14,0.0,2280.0,0.0,938.0,178.0,151.0
1601,CB,2020-05-14,0.0,2263.0,498.0,1031.0,79.0,206.0
1602,CM,2020-05-14,0.0,16513.0,8014.0,9001.0,635.0,2870.0
1603,CL,2020-05-14,0.0,18272.0,6226.0,8595.0,548.0,1930.0
1604,CT,2020-05-14,0.0,55562.0,1643.0,29339.0,2955.0,5882.0
1605,CE,2020-05-14,0.0,116.0,59.0,11.0,4.0,4.0
1606,VC,2020-05-14,0.0,10859.0,3579.0,5415.0,721.0,1358.0
1607,EX,2020-05-14,0.0,2933.0,1001.0,1772.0,109.0,494.0
1608,GA,2020-05-14,0.0,9036.0,1569.0,2921.0,332.0,603.0
1609,MD,2020-05-14,0.0,66523.0,5093.0,42057.0,3574.0,8809.0
1610,ML,2020-05-14,0.0,119.0,13.0,44.0,3.0,2.0
1611,MC,2020-05-14,0.0,1534.0,943.0,675.0,112.0,143.0
1612,NC,2020-05-14,0.0,5116.0,2966.0,2045.0,136.0,500.0
1613,PV,2020-05-14,0.0,13332.0,4881.0,7009.0,578.0,1454.0
1614,RI,2020-05-14,0.0,4016.0,1393.0,1488.0,91.0,348.0
1615,AN,2020-05-15,0.0,12420.0,3843.0,6161.0,758.0,1355.0
1616,AR,2020-05-15,0.0,5456.0,1669.0,2648.0,255.0,838.0
1617,AS,2020-05-15,0.0,2366.0,961.0,1087.0,121.0,299.0
1618,IB,2020-05-15,0.0,1980.0,105.0,1132.0,168.0,216.0
1619,CN,2020-05-15,0.0,2284.0,0.0,939.0,178.0,151.0
1620,CB,2020-05-15,0.0,2265.0,505.0,1032.0,79.0,206.0
1621,CM,2020-05-15,0.0,16587.0,8189.0,9027.0,636.0,2883.0
1622,CL,2020-05-15,0.0,18369.0,6226.0,8649.0,549.0,1940.0
1623,CT,2020-05-15,0.0,55685.0,1643.0,29339.0,2956.0,5915.0
1624,CE,2020-05-15,0.0,116.0,59.0,11.0,4.0,4.0
1625,VC,2020-05-15,0.0,10885.0,3686.0,5435.0,722.0,1365.0
1626,EX,2020-05-15,0.0,2944.0,1001.0,1772.0,109.0,497.0
1627,GA,2020-05-15,0.0,9041.0,1893.0,2923.0,332.0,604.0
1628,MD,2020-05-15,0.0,66639.0,5293.0,42157.0,3577.0,8826.0
1629,ML,2020-05-15,0.0,119.0,13.0,44.0,3.0,2.0
1630,MC,2020-05-15,0.0,1542.0,1004.0,676.0,112.0,144.0
1631,NC,2020-05-15,0.0,5137.0,3098.0,2045.0,136.0,501.0
1632,PV,2020-05-15,0.0,13348.0,5216.0,7011.0,578.0,1455.0
1633,RI,2020-05-15,0.0,4020.0,1393.0,1490.0,91.0,348.0
1634,AN,2020-05-16,0.0,12450.0,3982.0,6174.0,760.0,1358.0
1635,AR,2020-05-16,0.0,5478.0,1699.0,2655.0,255.0,838.0
1636,AS,2020-05-16,0.0,2366.0,978.0,1087.0,121.0,299.0
1637,IB,2020-05-16,0.0,1989.0,105.0,1134.0,168.0,218.0
1638,CN,2020-05-16,0.0,2289.0,0.0,939.0,178.0,151.0
1639,CB,2020-05-16,0.0,2268.0,505.0,1033.0,79.0,207.0
1640,CM,2020-05-16,0.0,16618.0,8290.0,9054.0,637.0,2893.0
1641,CL,2020-05-16,0.0,18470.0,6226.0,8690.0,550.0,1946.0
1642,CT,2020-05-16,0.0,55824.0,1643.0,29400.0,2957.0,5944.0
1643,CE,2020-05-16,0.0,116.0,59.0,11.0,4.0,4.0
1644,VC,2020-05-16,0.0,10914.0,3787.0,5454.0,723.0,1366.0
1645,EX,2020-05-16,0.0,2947.0,1001.0,1775.0,110.0,500.0
1646,GA,2020-05-16,0.0,9051.0,1909.0,2926.0,332.0,606.0
1647,MD,2020-05-16,0.0,66663.0,5293.0,42227.0,3584.0,8847.0
1648,ML,2020-05-16,0.0,121.0,13.0,44.0,3.0,2.0
1649,MC,2020-05-16,0.0,1551.0,1015.0,676.0,112.0,144.0
1650,NC,2020-05-16,0.0,5148.0,3145.0,2045.0,136.0,503.0
1651,PV,2020-05-16,0.0,13364.0,5326.0,7015.0,578.0,1459.0
1652,RI,2020-05-16,0.0,4024.0,1393.0,1496.0,91.0,349.0
1653,AN,2020-05-17,0.0,12458.0,3999.0,6178.0,760.0,1358.0
1654,AR,2020-05-17,0.0,5503.0,1698.0,2659.0,255.0,838.0
1655,AS,2020-05-17,0.0,2370.0,985.0,1088.0,121.0,301.0
1656,IB,2020-05-17,0.0,1991.0,105.0,1134.0,168.0,218.0
1657,CN,2020-05-17,0.0,2294.0,0.0,942.0,178.0,153.0
1658,CB,2020-05-17,0.0,2271.0,503.0,1035.0,79.0,207.0
1659,CM,2020-05-17,0.0,16648.0,8366.0,9066.0,637.0,2898.0
1660,CL,2020-05-17,0.0,18512.0,6234.0,8717.0,551.0,1953.0
1661,CT,2020-05-17,0.0,55921.0,1643.0,29421.0,2957.0,5956.0
1662,CE,2020-05-17,0.0,116.0,59.0,11.0,4.0,4.0
1663,VC,2020-05-17,0.0,10926.0,3810.0,5469.0,725.0,1370.0
1664,EX,2020-05-17,0.0,2948.0,1001.0,1775.0,110.0,500.0
1665,GA,2020-05-17,0.0,9056.0,1926.0,2934.0,332.0,607.0
1666,MD,2020-05-17,0.0,66702.0,5293.0,42283.0,3594.0,8863.0
1667,ML,2020-05-17,0.0,121.0,13.0,44.0,3.0,2.0
1668,MC,2020-05-17,0.0,1556.0,1039.0,678.0,112.0,145.0
1669,NC,2020-05-17,0.0,5178.0,3157.0,2045.0,136.0,503.0
1670,PV,2020-05-17,0.0,13371.0,5358.0,7016.0,578.0,1466.0
1671,RI,2020-05-17,0.0,4024.0,1393.0,1496.0,91.0,351.0
1672,AN,2020-05-18,0.0,12489.0,3999.0,6182.0,760.0,1367.0
1673,AR,2020-05-18,0.0,5520.0,1751.0,2667.0,255.0,843.0
1674,AS,2020-05-18,0.0,2373.0,985.0,1088.0,121.0,303.0
1675,IB,2020-05-18,0.0,2003.0,106.0,1137.0,168.0,219.0
1676,CN,2020-05-18,0.0,2294.0,0.0,942.0,178.0,155.0
1677,CB,2020-05-18,0.0,2273.0,509.0,1035.0,79.0,208.0
1678,CM,2020-05-18,0.0,16677.0,8397.0,9082.0,638.0,2900.0
1679,CL,2020-05-18,0.0,18549.0,6285.0,8729.0,551.0,1960.0
1680,CT,2020-05-18,0.0,55825.0,1643.0,29459.0,2960.0,5981.0
1681,CE,2020-05-18,0.0,117.0,59.0,11.0,4.0,4.0
1682,VC,2020-05-18,0.0,10927.0,3810.0,5738.0,727.0,1376.0
1683,EX,2020-05-18,0.0,3038.0,1001.0,1779.0,110.0,504.0
1684,GA,2020-05-18,0.0,9058.0,1966.0,2935.0,332.0,607.0
1685,MD,2020-05-18,0.0,66828.0,5293.0,42350.0,3600.0,8894.0
1686,ML,2020-05-18,0.0,121.0,13.0,44.0,3.0,2.0
1687,MC,2020-05-18,0.0,1558.0,1039.0,679.0,112.0,145.0
1688,NC,2020-05-18,0.0,5183.0,3157.0,2045.0,136.0,503.0
1689,PV,2020-05-18,0.0,13386.0,5358.0,7021.0,578.0,1470.0
1690,RI,2020-05-18,0.0,4027.0,1395.0,1498.0,91.0,352.0
1691,AN,2020-05-19,0.0,12502.0,3999.0,6196.0,764.0,1371.0
1692,AR,2020-05-19,0.0,5551.0,1751.0,2434.0,255.0,847.0
1693,AS,2020-05-19,0.0,2374.0,985.0,1089.0,121.0,304.0
1694,IB,2020-05-19,0.0,2016.0,106.0,1142.0,168.0,221.0
1695,CN,2020-05-19,0.0,2300.0,0.0,943.0,179.0,155.0
1696,CB,2020-05-19,0.0,2277.0,510.0,1036.0,79.0,209.0
1697,CM,2020-05-19,0.0,16739.0,8546.0,9122.0,639.0,2913.0
1698,CL,2020-05-19,0.0,18586.0,6290.0,8734.0,555.0,1960.0
1699,CT,2020-05-19,0.0,55888.0,1643.0,29497.0,2969.0,6021.0
1700,CE,2020-05-19,0.0,119.0,59.0,11.0,4.0,4.0
1701,VC,2020-05-19,0.0,10949.0,3810.0,5742.0,727.0,1378.0
1702,EX,2020-05-19,0.0,3040.0,1001.0,1780.0,110.0,504.0
1703,GA,2020-05-19,0.0,9067.0,2014.0,2939.0,334.0,607.0
1704,MD,2020-05-19,0.0,66967.0,5293.0,42422.0,3610.0,8912.0
1705,ML,2020-05-19,0.0,121.0,13.0,44.0,3.0,2.0
1706,MC,2020-05-19,0.0,1560.0,1039.0,679.0,112.0,148.0
1707,NC,2020-05-19,0.0,5192.0,3157.0,2048.0,136.0,503.0
1708,PV,2020-05-19,0.0,13412.0,5358.0,7024.0,578.0,1480.0
1709,RI,2020-05-19,0.0,4033.0,1395.0,1499.0,91.0,353.0
1710,AN,2020-05-20,0.0,12547.0,3999.0,6210.0,766.0,1375.0
1711,AR,2020-05-20,0.0,5588.0,1751.0,2442.0,256.0,848.0
1712,AS,2020-05-20,0.0,2374.0,985.0,1089.0,121.0,307.0
1713,IB,2020-05-20,0.0,2024.0,107.0,1144.0,169.0,221.0
1714,CN,2020-05-20,0.0,2307.0,0.0,944.0,179.0,155.0
1715,CB,2020-05-20,0.0,2279.0,519.0,1036.0,79.0,209.0
1716,CM,2020-05-20,0.0,16789.0,8634.0,9138.0,639.0,2919.0
1717,CL,2020-05-20,0.0,18627.0,6291.0,8735.0,561.0,1960.0
1718,CT,2020-05-20,0.0,55888.0,1643.0,29497.0,2969.0,6021.0
1719,CE,2020-05-20,0.0,119.0,59.0,11.0,4.0,4.0
1720,VC,2020-05-20,0.0,10987.0,3810.0,5747.0,730.0,1383.0
1721,EX,2020-05-20,0.0,3042.0,1001.0,1780.0,110.0,505.0
1722,GA,2020-05-20,0.0,9077.0,2026.0,2943.0,334.0,608.0
1723,MD,2020-05-20,0.0,67049.0,5293.0,42497.0,3617.0,8931.0
1724,ML,2020-05-20,0.0,121.0,13.0,44.0,3.0,2.0
1725,MC,2020-05-20,0.0,1570.0,1039.0,680.0,112.0,149.0
1726,NC,2020-05-20,0.0,5195.0,3157.0,2048.0,136.0,506.0
1727,PV,2020-05-20,0.0,13421.0,5358.0,7032.0,578.0,1483.0
1728,RI,2020-05-20,0.0,4033.0,1395.0,1504.0,91.0,354.0
